         867
 Glass RT                                                                        
  0.01  -1.0 0.0
  0.03 -1.0 0.0
  0.05 -1.0 0.0 
  0.07 -1.0 0.0
  0.09 -1.0 0.0
  0.11  -1.0 0.0
  0.13 -1.0 0.0
  0.15 -1.0 0.0 
  0.17 -1.0 0.0
  0.19 -1.0 0.0
  0.21  -1.0 0.0
  0.23 -1.0 0.0
  0.25 -1.0 0.0 
  0.27 -1.0 0.0
  0.29 -1.0 0.0
  0.31  -1.0 0.0
  0.33 -1.0 0.0
  0.35 -1.0 0.0 
  0.37 -1.0 0.0
  0.39 -1.0 0.0
  0.41  -1.0 0.0
  0.43 -1.0 0.0
  0.45 -1.0 0.0 
  0.47 -1.0 0.0
  0.49 -1.0 0.0
  0.51  -1.0 0.0
  0.53 -1.0 0.0
  0.55 -1.0 0.0 
  0.57 -1.0 0.0
  0.59 -1.0 0.0
  0.61  -1.0 0.0
  0.63 -1.0 0.0
  0.65 -1.0 0.0 
  0.6500000     -0.8163470      0.2955021    
  0.6700000     -0.8010535      0.3531208    
  0.6899999     -0.7839647      0.3690372    
  0.7099999     -0.7684550      0.3834221    
  0.7299999     -0.7539720      0.3969320    
  0.7499999     -0.7390326      0.4109468    
  0.7699999     -0.7250285      0.4241063    
  0.7899998     -0.7105154      0.4378550    
  0.8099998     -0.6961384      0.4514997    
  0.8299998     -0.6821540      0.4648252    
  0.8499998     -0.6681767      0.4781764    
  0.8699998     -0.6554848      0.4902826    
  0.8899997     -0.6426014      0.5026410    
  0.9099997     -0.6285434      0.5161997    
  0.9299997     -0.6156362      0.5286213    
  0.9499997     -0.6012375      0.5426170    
  0.9699997     -0.5857865      0.5576298    
  0.9899997     -0.5698476      0.5732113    
   1.010000     -0.5518612      0.5908276    
   1.030000     -0.5327256      0.6096389    
   1.050000     -0.5110369      0.6310201    
   1.070000     -0.4882341      0.6535119    
   1.090000     -0.4648249      0.6766388    
   1.110000     -0.4374256      0.7038231    
   1.130000     -0.4049668      0.7360517    
   1.149999     -0.3706039      0.7701618    
   1.169999     -0.3344857      0.8060710    
   1.189999     -0.2951379      0.8452221    
   1.209999     -0.2521278      0.8880548    
   1.229999     -0.2014350      0.9386805    
   1.249999     -0.1486209      0.9911829    
   1.269999     -9.3259230E-02   1.046503    
   1.289999     -3.3904847E-02   1.105598    
   1.309999      2.7215097E-02   1.166629    
   1.329999      9.1107205E-02   1.230306    
   1.349999      0.1531418       1.292146    
   1.369999      0.2180574       1.356982    
   1.389999      0.2791552       1.417757    
   1.409999      0.3380508       1.476611    
   1.429999      0.3969808       1.535297    
   1.449999      0.4409358       1.578986    
   1.469999      0.4806773       1.618675    
   1.489999      0.5123775       1.650130    
   1.509999      0.5256686       1.663296    
   1.529999      0.5337282       1.671255    
   1.549999      0.5314044       1.668844    
   1.569999      0.5153320       1.652701    
   1.589999      0.4937593       1.631057    
   1.609999      0.4674504       1.604694    
   1.629999      0.4280087       1.565308    
   1.649999      0.3812537       1.518446    
   1.669999      0.3383679       1.475484    
   1.689999      0.2879792       1.425190    
   1.709999      0.2357253       1.372762    
   1.729999      0.1904988       1.327481    
   1.749999      0.1429103       1.279897    
   1.769999      9.8322332E-02   1.235165    
   1.789999      5.1258534E-02   1.188222    
   1.809999      7.0383954E-03   1.143756    
   1.829999     -2.8075075E-02   1.108632    
   1.849999     -7.0178203E-02   1.066593    
   1.869999     -0.1065045       1.030044    
   1.889999     -0.1391138      0.9975145    
   1.909999     -0.1747224      0.9617983    
   1.929999     -0.2019315      0.9344938    
   1.949999     -0.2272862      0.9091386    
   1.969999     -0.2538023      0.8825718    
   1.989999     -0.2797293      0.8566244    
   2.009999     -0.3040802      0.8322081    
   2.029999     -0.3212519      0.8149542    
   2.049999     -0.3387517      0.7974810    
   2.069999     -0.3570012      0.7791491    
   2.089999     -0.3727731      0.7633685    
   2.109999     -0.3888135      0.7472802    
   2.129999     -0.4018581      0.7341962    
   2.149999     -0.4149356      0.7211020    
   2.169999     -0.4268258      0.7091639    
   2.189999     -0.4391354      0.6968524    
   2.209999     -0.4505013      0.6854289    
   2.229999     -0.4592493      0.6766626    
   2.249999     -0.4701244      0.6657698    
   2.269999     -0.4795989      0.6562536    
   2.289999     -0.4864583      0.6493683    
   2.309999     -0.4929394      0.6428627    
   2.329998     -0.5009202      0.6348687    
   2.349998     -0.5072764      0.6284733    
   2.369998     -0.5136999      0.6220443    
   2.389998     -0.5186688      0.6170344    
   2.409998     -0.5236279      0.6120731    
   2.429998     -0.5301427      0.6055204    
   2.449998     -0.5317847      0.6038554    
   2.469998     -0.5313616      0.6042585    
   2.489998     -0.5307193      0.6048810    
   2.509998     -0.5267788      0.6088135    
   2.529998     -0.5199411      0.6156291    
   2.549998     -0.5126600      0.6228977    
   2.569998     -0.4980907      0.6375203    
   2.589998     -0.4777608      0.6578220    
   2.609998     -0.4581641      0.6773962    
   2.629998     -0.4343135      0.7013035    
   2.649998     -0.4015313      0.7341625    
   2.669998     -0.3595813      0.7762108    
   2.689998     -0.3123860      0.8233858    
   2.709998     -0.2631318      0.8726479    
   2.729998     -0.2062718      0.9296564    
   2.749998     -0.1459959      0.9898037    
   2.769998     -9.0592958E-02   1.045112    
   2.789998     -3.2487232E-02   1.103315    
   2.809998      2.3308484E-02   1.158901    
   2.829998      6.8757460E-02   1.204268    
   2.849998      0.1121976       1.247708    
   2.869998      0.1389258       1.274232    
   2.889998      0.1366574       1.271961    
   2.909998      0.1107475       1.246169    
   2.929998      8.2481124E-02   1.217776    
   2.949998      8.5612148E-02   1.220922    
   2.969998      0.1055623       1.240824    
   2.989998      0.1307301       1.266076    
   3.009998      0.1572820       1.292529    
   3.029998      0.1613208       1.296535    
   3.049998      0.1462065       1.281439    
   3.069998      0.1329441       1.268131    
   3.089998      0.1203581       1.255565    
   3.109998      9.9952541E-02   1.235165    
   3.129998      7.9476252E-02   1.214665    
   3.149998      6.4219415E-02   1.199376    
   3.169998      5.3441577E-02   1.188585    
   3.189998      3.6622118E-02   1.171806    
   3.209998      1.8044617E-02   1.153179    
   3.229998      1.4667759E-03   1.136615    
   3.249998     -1.2481641E-02   1.122622    
   3.269998     -2.7075110E-02   1.108063    
   3.289998     -4.5404945E-02   1.089703    
   3.309998     -5.4526962E-02   1.080545    
   3.329998     -6.6892549E-02   1.068228    
   3.349998     -8.5064836E-02   1.050014    
   3.369998     -9.0542987E-02   1.044505    
   3.389997     -0.1000113       1.035088    
   3.409997     -0.1126756       1.022357    
   3.429997     -0.1182573       1.016775    
   3.449997     -0.1311088       1.003947    
   3.469997     -0.1459970      0.9890313    
   3.489997     -0.1506531      0.9843506    
   3.509997     -0.1473845      0.9876130    
   3.529997     -0.1529306      0.9820863    
   3.549997     -0.1633211      0.9716658    
   3.569997     -0.1715658      0.9634242    
   3.589997     -0.1724280      0.9625512    
   3.609997     -0.1744539      0.9605304    
   3.629997     -0.1782228      0.9567374    
   3.649997     -0.1827032      0.9522740    
   3.669997     -0.1869836      0.9479651    
   3.689997     -0.1841659      0.9507726    
   3.709997     -0.1873565      0.9475814    
   3.729997     -0.1847383      0.9502062    
   3.749997     -0.1874407      0.9475186    
   3.769997     -0.1926784      0.9422430    
   3.789997     -0.1929397      0.9419771    
   3.809997     -0.1942391      0.9406685    
   3.829997     -0.1926650      0.9422349    
   3.849997     -0.1958843      0.9390138    
   3.869997     -0.1985608      0.9363286    
   3.889997     -0.1984085      0.9364759    
   3.909997     -0.1941148      0.9407733    
   3.929997     -0.1902789      0.9445956    
   3.949997     -0.1855508      0.9493319    
   3.969997     -0.1837399      0.9511304    
   3.989997     -0.1849180      0.9499446    
   4.009997     -0.1771194      0.9577544    
   4.029997     -0.1696628      0.9651959    
   4.049997     -0.1716291      0.9632246    
   4.069997     -0.1711957      0.9636554    
   4.089997     -0.1613911      0.9734647    
   4.109997     -0.1551697      0.9796647    
   4.129997     -0.1624923      0.9723688    
   4.149997     -0.1690103      0.9658166    
   4.169997     -0.1635453      0.9712860    
   4.189997     -0.1556466      0.9791784    
   4.209997     -0.1493388      0.9854790    
   4.229997     -0.1420898      0.9927313    
   4.249997     -0.1356090      0.9991995    
   4.269997     -0.1306042       1.004204    
   4.289997     -0.1233314       1.011476    
   4.309997     -0.1082172       1.026637    
   4.329997     -9.9061675E-02   1.035732    
   4.349997     -9.5986076E-02   1.038814    
   4.369997     -9.0564445E-02   1.044221    
   4.389997     -8.5387073E-02   1.049405    
   4.409997     -7.5370781E-02   1.059421    
   4.429997     -6.7786291E-02   1.066991    
   4.449997     -6.0911343E-02   1.073871    
   4.469997     -5.3865157E-02   1.080906    
   4.489997     -4.6282709E-02   1.088495    
   4.509997     -3.0374423E-02   1.104440    
   4.529997     -2.1761319E-02   1.113000    
   4.549997     -1.6955396E-02   1.117822    
   4.569997     -9.3415538E-03   1.125412    
   4.589997     -9.2538334E-03   1.125497    
   4.609997      3.0433009E-03   1.137864    
   4.629997      2.3363743E-02   1.158132    
   4.649997      3.0762795E-02   1.165505    
   4.669997      4.0398829E-02   1.175177    
   4.689997      6.0142372E-02   1.194921    
   4.709997      7.7902429E-02   1.212660    
   4.729997      9.3286380E-02   1.228042    
   4.749997      0.1059854       1.240724    
   4.769997      0.1266316       1.261455    
   4.789997      0.1416709       1.276394    
   4.809997      0.1536884       1.288471    
   4.829997      0.1914408       1.326396    
   4.849997      0.2224279       1.357156    
   4.869997      0.2385838       1.373335    
   4.889997      0.2583110       1.393054    
   4.909997      0.2783251       1.413073    
   4.929996      0.3018698       1.436635    
   4.949996      0.3349067       1.469747    
   4.969996      0.3628093       1.497532    
   4.989996      0.3827937       1.517542    
   5.009996      0.4043784       1.539104    
   5.029996      0.4305616       1.565346    
   5.049996      0.4657679       1.600567    
   5.069996      0.4872271       1.621920    
   5.089996      0.5078822       1.642666    
   5.109996      0.5418386       1.676604    
   5.129996      0.5730824       1.707832    
   5.149996      0.6157424       1.750644    
   5.169996      0.6508843       1.785580    
   5.189996      0.6651580       1.799850    
   5.209996      0.6877195       1.822464    
   5.229996      0.6994509       1.834130    
   5.249996      0.7076736       1.842387    
   5.269996      0.7206809       1.855352    
   5.289996      0.7324725       1.867174    
   5.309996      0.7305936       1.865305    
   5.329996      0.7070096       1.841706    
   5.349996      0.6836817       1.818389    
   5.369996      0.6686656       1.803329    
   5.389996      0.6581092       1.792788    
   5.409996      0.6326900       1.767433    
   5.429996      0.6177477       1.752406    
   5.449996      0.6048443       1.739566    
   5.469996      0.5598210       1.694737    
   5.489996      0.5110193       1.645781    
   5.509996      0.4803970       1.615089    
   5.529996      0.4504315       1.585186    
   5.549996      0.4120905       1.546867    
   5.569996      0.3696807       1.504493    
   5.589996      0.3257702       1.460572    
   5.609996      0.2951474       1.429819    
   5.629996      0.2624758       1.397315    
   5.649996      0.2299362       1.364605    
   5.669996      0.2056673       1.340392    
   5.689996      0.1738137       1.308555    
   5.709996      0.1419082       1.276635    
   5.729996      0.1143209       1.249014    
   5.749996      8.8458166E-02   1.223166    
   5.769996      5.2083403E-02   1.186932    
   5.789996      2.3118507E-02   1.157765    
   5.809996     -2.7497471E-04   1.134483    
   5.829996     -1.9927625E-02   1.114702    
   5.849996     -3.8388640E-02   1.096354    
   5.869996     -6.7810014E-02   1.066898    
   5.889996     -8.5819833E-02   1.048813    
   5.909996     -9.7929999E-02   1.036719    
   5.929996     -0.1081471       1.026477    
   5.949996     -0.1227146       1.011974    
   5.969995     -0.1376860      0.9969365    
   5.989995     -0.1471892      0.9874481    
   6.009995     -0.1595396      0.9750939    
   6.029995     -0.1648766      0.9697378    
   6.049995     -0.1642577      0.9703552    
   6.069995     -0.1729132      0.9617375    
   6.089995     -0.1910331      0.9436249    
   6.109995     -0.2031779      0.9314354    
   6.129995     -0.2054648      0.9291436    
   6.149995     -0.2056209      0.9289865    
   6.169995     -0.2145323      0.9201117    
   6.189995     -0.2275817      0.9070355    
   6.209995     -0.2351722      0.8994364    
   6.229995     -0.2371994      0.8974039    
   6.249995     -0.2396329      0.8949749    
   6.269995     -0.2374062      0.8972116    
   6.289995     -0.2433031      0.8913699    
   6.309995     -0.2523058      0.8822961    
   6.329995     -0.2520517      0.8825486    
   6.349995     -0.2586489      0.8759590    
   6.369995     -0.2618497      0.8727468    
   6.389995     -0.2637770      0.8708234    
   6.409995     -0.2689620      0.8656341    
   6.429995     -0.2649769      0.8696366    
   6.449995     -0.2674612      0.8671722    
   6.469995     -0.2702637      0.8643460    
   6.489995     -0.2653865      0.8692038    
   6.509995     -0.2732357      0.8613820    
   6.529995     -0.2861993      0.8484095    
   6.549995     -0.2857639      0.8488473    
   6.569995     -0.2819552      0.8526349    
   6.589995     -0.2800139      0.8545833    
   6.609995     -0.2815345      0.8530713    
   6.629995     -0.2901144      0.8444732    
   6.649995     -0.2842402      0.8503844    
   6.669995     -0.2750562      0.8595260    
   6.689995     -0.2728345      0.8617479    
   6.709995     -0.2763463      0.8582485    
   6.729995     -0.2873423      0.8472585    
   6.749995     -0.2905678      0.8440155    
   6.769995     -0.2861480      0.8484315    
   6.789995     -0.2756764      0.8589462    
   6.809995     -0.2735988      0.8610041    
   6.829995     -0.2794945      0.8550814    
   6.849995     -0.2776220      0.8569532    
   6.869995     -0.2814284      0.8531591    
   6.889995     -0.2820866      0.8524967    
   6.909995     -0.2694994      0.8651141    
   6.929995     -0.2661211      0.8684653    
   6.949995     -0.2673024      0.8672772    
   6.969995     -0.2570088      0.8775849    
   6.989995     -0.2551273      0.8794540    
   7.009995     -0.2587774      0.8757918    
   7.029994     -0.2529337      0.8816482    
   7.049994     -0.2503901      0.8841805    
   7.069994     -0.2386577      0.8960207    
   7.089994     -0.2261382      0.9084292    
   7.109994     -0.2208487      0.9137427    
   7.129994     -0.2162235      0.9183439    
   7.149994     -0.2104893      0.9241095    
   7.169994     -0.1973357      0.9372416    
   7.189994     -0.1904026      0.9441617    
   7.209994     -0.1867289      0.9478348    
   7.229994     -0.1816986      0.9528679    
   7.249994     -0.1684868      0.9661261    
   7.269994     -0.1530119      0.9815632    
   7.289994     -0.1341270       1.000523    
   7.309994     -0.1249898       1.009578    
   7.329994     -0.1178890       1.016733    
   7.349994     -9.7278871E-02   1.037319    
   7.369994     -8.4996834E-02   1.049565    
   7.389994     -7.6263502E-02   1.058308    
   7.409994     -5.9979379E-02   1.074629    
   7.429994     -4.9732592E-02   1.084823    
   7.449994     -4.3362487E-02   1.091213    
   7.469994     -2.2320746E-02   1.112325    
   7.489994      3.4938804E-03   1.138106    
   7.509994      2.7944721E-02   1.162569    
   7.529994      4.5700099E-02   1.180262    
   7.549994      6.2100776E-02   1.196708    
   7.569994      6.1834324E-02   1.196444    
   7.589994      7.0028722E-02   1.204746    
   7.609994      8.7031715E-02   1.221586    
   7.629994      0.1022672       1.236951    
   7.649994      0.1194206       1.253970    
   7.669994      0.1272674       1.261848    
   7.689994      0.1412878       1.275846    
   7.709994      0.1519689       1.286529    
   7.729994      0.1695173       1.304119    
   7.749994      0.1875643       1.322125    
   7.769994      0.1869220       1.321485    
   7.789994      0.1763828       1.310934    
   7.809994      0.1933243       1.328031    
   7.829994      0.2210584       1.355621    
   7.849994      0.2252932       1.359840    
   7.869994      0.2247281       1.359273    
   7.889994      0.2370205       1.371601    
   7.909994      0.2417887       1.376342    
   7.929994      0.2414287       1.375980    
   7.949994      0.2491205       1.383665    
   7.969994      0.2573199       1.391872    
   7.989994      0.2592910       1.393836    
   8.009994      0.2433600       1.377948    
   8.029994      0.2282271       1.362770    
   8.049994      0.2335734       1.368136    
   8.069995      0.2352952       1.369849    
   8.089995      0.2255914       1.360134    
   8.109996      0.2184510       1.352994    
   8.129996      0.2168736       1.351413    
   8.149997      0.2043547       1.338973    
   8.169997      0.1907225       1.325260    
   8.189998      0.1883008       1.322842    
   8.209998      0.1892292       1.323773    
   8.229999      0.1779232       1.312553    
   8.249999      0.1628183       1.297354    
   8.270000      0.1700729       1.304625    
   8.290000      0.1671198       1.301690    
   8.310000      0.1534610       1.288001    
   8.330001      0.1439851       1.278530    
   8.350001      0.1280396       1.262617    
   8.370002      0.1174544       1.251987    
   8.390002      0.1117654       1.246311    
   8.410003      0.1153713       1.249938    
   8.430003      0.1209983       1.255535    
   8.450004      0.1204574       1.254993    
   8.470004      0.1114402       1.246030    
   8.490005      9.6839130E-02   1.231372    
   8.510005      9.2394233E-02   1.226926    
   8.530005      8.7560810E-02   1.222094    
   8.550006      8.5457250E-02   1.219987    
   8.570006      7.8557603E-02   1.213111    
   8.590007      7.7586479E-02   1.212134    
   8.610007      7.1165964E-02   1.205766    
   8.630008      6.1759103E-02   1.196293    
   8.650008      6.6035710E-02   1.200564    
   8.670009      6.2828653E-02   1.197362    
   8.690009      4.9765449E-02   1.184329    
   8.710010      5.0853372E-02   1.185426    
   8.730010      4.4853091E-02   1.179493    
   8.750010      3.8263891E-02   1.172831    
   8.770011      3.8576666E-02   1.173141    
   8.790011      3.1683289E-02   1.166212    
   8.810012      2.7579468E-02   1.162124    
   8.830012      1.8425681E-02   1.152953    
   8.850013      2.3844993E-02   1.158396    
   8.870013      2.4325741E-02   1.158874    
   8.890014      1.9433644E-02   1.153960    
   8.910014      2.9742945E-02   1.164293    
   8.930015      2.4452871E-02   1.159050    
   8.950015      1.0620887E-02   1.145144    
   8.970016      1.9126760E-02   1.153687    
   8.990016      3.7889201E-02   1.172450    
   9.010016      3.3050433E-02   1.167661    
   9.030017      1.5748335E-02   1.150274    
   9.050017      1.7235208E-02   1.151765    
   9.070018      2.9765422E-02   1.164315    
   9.090018      2.9428553E-02   1.163980    
   9.110019      1.6201206E-02   1.150732    
   9.130019      2.1358315E-02   1.155921    
   9.150020      3.2120757E-02   1.166641    
   9.170020      3.6147203E-02   1.170671    
   9.190021      3.5528734E-02   1.170055    
   9.210021      2.5114078E-02   1.159652    
   9.230021      2.4104062E-02   1.158637    
   9.250022      2.9183155E-02   1.163702    
   9.270022      2.4238538E-02   1.158766    
   9.290023      2.9132796E-02   1.163689    
   9.310023      3.9240573E-02   1.173759    
   9.330024      3.3448681E-02   1.167985    
   9.350024      2.4876352E-02   1.159396    
   9.370025      2.8643567E-02   1.163175    
   9.390025      4.7408335E-02   1.181997    
   9.410026      5.8454428E-02   1.192973    
   9.430026      5.9685312E-02   1.194206    
   9.450027      5.7497848E-02   1.192026    
   9.470027      5.3285483E-02   1.187802    
   9.490027      5.4900087E-02   1.189416    
   9.510028      4.8014160E-02   1.182553    
   9.530028      3.9025269E-02   1.173542    
   9.550029      4.0438391E-02   1.174957    
   9.570029      3.8041618E-02   1.172569    
   9.590030      4.2373437E-02   1.176929    
   9.610030      5.9629880E-02   1.194168    
   9.630031      6.7064956E-02   1.201579    
   9.650031      6.4786069E-02   1.199302    
   9.670032      5.1026218E-02   1.185596    
   9.690032      4.8800334E-02   1.183350    
   9.710032      5.5545244E-02   1.190061    
   9.730033      4.1421395E-02   1.175991    
   9.750033      3.7882447E-02   1.172423    
   9.770034      6.5450899E-02   1.200122    
   9.790034      7.9534441E-02   1.214059    
   9.810035      6.4920932E-02   1.199468    
   9.830035      7.0193984E-02   1.204792    
   9.850036      6.9876134E-02   1.204478    
   9.870036      6.0728345E-02   1.195253    
   9.890037      6.9190346E-02   1.203705    
   9.910037      5.8723871E-02   1.193309    
   9.930037      4.2494733E-02   1.177009    
   9.950038      5.8877639E-02   1.193544    
   9.970038      8.0731295E-02   1.215244    
   9.990039      6.4828753E-02   1.199481    
   10.01004      4.3368921E-02   1.177883    
   10.03004      4.2908322E-02   1.177421    
   10.05004      3.9610833E-02   1.174135    
   10.07004      5.3673681E-02   1.188349    
   10.09004      5.7577968E-02   1.192194    
   10.11004      3.5065275E-02   1.169592    
   10.13004      4.7708891E-02   1.182373    
   10.15004      6.0822621E-02   1.195347    
   10.17004      5.9721842E-02   1.194241    
   10.19004      5.4353476E-02   1.188907    
   10.21004      3.9599862E-02   1.174116    
   10.23004      3.0873016E-02   1.165389    
   10.25004      3.4892652E-02   1.169430    
   10.27005      4.6022709E-02   1.180534    
   10.29005      3.2982137E-02   1.167597    
   10.31005      2.6693556E-02   1.161240    
   10.33005      2.6993254E-02   1.161537    
   10.35005      1.0456315E-02   1.144986    
   10.37005     -2.5146117E-03   1.132006    
   10.39005     -3.0296689E-03   1.131489    
   10.41005     -6.6363666E-04   1.133846    
   10.43005      1.5051900E-03   1.136022    
   10.45005     -9.8627536E-03   1.124762    
   10.47005     -1.6607122E-02   1.117940    
   10.49005     -9.4644530E-03   1.125044    
   10.51005     -2.4996728E-02   1.109586    
   10.53005     -3.6517736E-02   1.097989    
   10.55005     -4.2712577E-02   1.091820    
   10.57005     -4.2137332E-02   1.092399    
   10.59005     -4.2144679E-02   1.092392    
   10.61005     -4.8078295E-02   1.086429    
   10.63005     -5.2653078E-02   1.081874    
   10.65005     -5.6782667E-02   1.077725    
   10.67005     -6.3907616E-02   1.070643    
   10.69005     -7.2107144E-02   1.062398    
   10.71006     -6.2152706E-02   1.072382    
   10.73006     -6.0416218E-02   1.074107    
   10.75006     -7.0725791E-02   1.063785    
   10.77006     -7.6276980E-02   1.058228    
   10.79006     -7.5605087E-02   1.058901    
   10.81006     -7.8608498E-02   1.055908    
   10.83006     -8.0519497E-02   1.053989    
   10.85006     -8.0811955E-02   1.053698    
   10.87006     -8.3612218E-02   1.050891    
   10.89006     -9.3360320E-02   1.041197    
   10.91006     -0.1056469       1.028857    
   10.93006     -0.1106922       1.023816    
   10.95006     -0.1223978       1.012138    
   10.97006     -0.1148670       1.019757    
   10.99006     -9.0848461E-02   1.043686    
   11.01006     -0.1023317       1.032359    
   11.03006     -0.1262690       1.008241    
   11.05006     -0.1285515       1.005952    
   11.07006     -0.1162648       1.018289    
   11.09006     -0.1100376       1.024472    
   11.11006     -0.1130482       1.021453    
   11.13006     -0.1243900       1.010188    
   11.15007     -0.1344949       1.000009    
   11.17007     -0.1266470       1.007869    
   11.19007     -0.1294212       1.005113    
   11.21007     -0.1254323       1.009142    
   11.23007     -0.1129314       1.021569    
   11.25007     -0.1173932       1.017118    
   11.27007     -0.1262399       1.008269    
   11.29007     -0.1240049       1.010515    
   11.31007     -0.1141699       1.020336    
   11.33007     -0.1229321       1.011641    
   11.35007     -0.1328303       1.001672    
   11.37007     -0.1249953       1.009519    
   11.39007     -0.1148547       1.019655    
   11.41007     -0.1078332       1.026669    
   11.43007     -0.1048471       1.029652    
   11.45007     -9.3735330E-02   1.040817    
   11.47007     -8.5462324E-02   1.049039    
   11.49007     -9.8732784E-02   1.035825    
   11.51007     -0.1172121       1.017314    
   11.53007     -0.1040384       1.030666    
   11.55007     -8.6087115E-02   1.048415    
   11.57008     -8.4020458E-02   1.050488    
   11.59008     -9.2008084E-02   1.042567    
   11.61008     -9.2262611E-02   1.042310    
   11.63008     -7.3048815E-02   1.061470    
   11.65008     -6.5243319E-02   1.069255    
   11.67008     -5.8690269E-02   1.075821    
   11.69008     -5.8447726E-02   1.076063    
   11.71008     -4.5176130E-02   1.089479    
   11.73008     -3.3567488E-02   1.100951    
   11.75008     -4.4180758E-02   1.090323    
   11.77008     -3.6138505E-02   1.098421    
   11.79008     -1.9174414E-02   1.115335    
   11.81008     -5.6258645E-03   1.128902    
   11.83008     -1.1395607E-02   1.123190    
   11.85008     -2.1866078E-02   1.112637    
   11.87008     -1.2729850E-02   1.121780    
   11.89008     -5.6984252E-03   1.128799    
   11.91008      6.0234084E-03   1.140565    
   11.93008      2.2994200E-02   1.157510    
   11.95008      2.7987765E-02   1.162485    
   11.97008      3.0018602E-02   1.164521    
   11.99008      6.1115999E-02   1.195923    
   12.01009      7.1731433E-02   1.206342    
   12.03009      6.3254572E-02   1.197778    
   12.05009      6.7733072E-02   1.202235    
   12.07009      6.6838086E-02   1.201337    
   12.09009      8.5573301E-02   1.220173    
   12.11009      9.7860970E-02   1.232362    
   12.13009      9.6294306E-02   1.230791    
   12.15009      0.1006057       1.235103    
   12.17009      9.9150002E-02   1.233651    
   12.19009      9.2314646E-02   1.226814    
   12.21009      0.1195863       1.254450    
   12.23009      0.1366442       1.271209    
   12.25009      0.1229561       1.257451    
   12.27009      0.1318390       1.266367    
   12.29009      0.1357815       1.270287    
   12.31009      0.1352737       1.269777    
   12.33009      0.1608632       1.295525    
   12.35009      0.1687613       1.303320    
   12.37009      0.1717836       1.306375    
   12.39009      0.1715730       1.306167    
   12.41009      0.1634046       1.297923    
   12.43009      0.1568199       1.291396    
   12.45010      0.1636365       1.298306    
   12.47010      0.1890440       1.323544    
   12.49010      0.1904839       1.324980    
   12.51010      0.1850813       1.319578    
   12.53010      0.1813851       1.315879    
   12.55010      0.1820386       1.316533    
   12.57010      0.1861052       1.320601    
   12.59010      0.1819948       1.316505    
   12.61010      0.1668609       1.301382    
   12.63010      0.1628959       1.297397    
   12.65010      0.1741369       1.308647    
   12.67010      0.1926915       1.327237    
   12.69010      0.1853224       1.319955    
   12.71010      0.1750406       1.309564    
   12.73010      0.1692128       1.303789    
   12.75010      0.1615009       1.296013    
   12.77010      0.1578212       1.292358    
   12.79010      0.1675740       1.302228    
   12.81010      0.1728321       1.307413    
   12.83010      0.1428896       1.277467    
   12.85010      0.1313302       1.265827    
   12.87010      0.1272873       1.261800    
   12.89011      0.1342878       1.268860    
   12.91011      0.1472407       1.281733    
   12.93011      0.1323363       1.266902    
   12.95011      0.1277265       1.262251    
   12.97011      0.1266519       1.261184    
   12.99011      0.1066069       1.241138    
   13.01011      9.1830976E-02   1.226332    
   13.03011      9.6496806E-02   1.231025    
   13.05011      0.1037542       1.238248    
   13.07011      9.9591739E-02   1.234085    
   13.09011      9.8085850E-02   1.232577    
   13.11011      9.3217678E-02   1.227720    
   13.13011      8.0046035E-02   1.214563    
   13.15011      6.1553147E-02   1.196091    
   13.17011      4.6668030E-02   1.181167    
   13.19011      5.2304644E-02   1.186837    
   13.21011      6.8856068E-02   1.203365    
   13.23011      6.0302701E-02   1.194890    
   13.25011      4.4463757E-02   1.178955    
   13.27011      2.5016394E-02   1.159659    
   13.29011      1.6387334E-02   1.150923    
   13.31011      2.7682826E-02   1.162174    
   13.33012      3.1949863E-02   1.166445    
   13.35012      2.8100414E-02   1.162612    
   13.37012      1.5258840E-03   1.136186    
   13.39012     -1.0949544E-02   1.123563    
   13.41012     -2.8319773E-03   1.131659    
   13.43012     -8.0581354E-03   1.126449    
   13.45012     -5.5930752E-04   1.134014    
   13.47012      1.1375831E-02   1.145867    
   13.49012      5.0619105E-03   1.139561    
   13.51012     -1.1070840E-02   1.123479    
   13.53012     -1.5773728E-02   1.118738    
   13.55012     -1.9114658E-02   1.115422    
   13.57012     -3.6041796E-02   1.098469    
   13.59012     -4.3694660E-02   1.090796    
   13.61012     -6.1113402E-02   1.073503    
   13.63012     -7.1987525E-02   1.062517    
   13.65012     -5.8247875E-02   1.076273    
   13.67012     -5.4628804E-02   1.079870    
   13.69012     -5.7618007E-02   1.076873    
   13.71012     -4.3119200E-02   1.091447    
   13.73012     -5.0159484E-02   1.084514    
   13.75012     -6.5673657E-02   1.068825    
   13.77013     -6.4240217E-02   1.070253    
   13.79013     -6.1861925E-02   1.072641    
   13.81013     -4.3073867E-02   1.091497    
   13.83013     -3.1435888E-02   1.103055    
   13.85013     -3.7926104E-02   1.096573    
   13.87013     -5.6216817E-02   1.078357    
   13.89013     -6.0346629E-02   1.074184    
   13.91013     -5.6524083E-02   1.077979    
   13.93013     -5.8132961E-02   1.076363    
   13.95013     -6.1870888E-02   1.072646    
   13.97013     -6.8674207E-02   1.065815    
   13.99013     -7.8523293E-02   1.056020    
   14.01013     -8.2763262E-02   1.051746    
   14.03013     -7.5992689E-02   1.058496    
   14.05013     -6.8382725E-02   1.066131    
   14.07013     -6.9787957E-02   1.064737    
   14.09013     -6.3937984E-02   1.070650    
   14.11013     -3.3950608E-02   1.100645    
   14.13013     -3.2890398E-02   1.101691    
   14.15013     -4.3184087E-02   1.091312    
   14.17013     -4.2985853E-02   1.091509    
   14.19014     -6.2263675E-02   1.072336    
   14.21014     -7.6283470E-02   1.058206    
   14.23014     -6.1398026E-02   1.073174    
   14.25014     -5.3278029E-02   1.081223    
   14.27014     -6.3322313E-02   1.071176    
   14.29014     -6.3900210E-02   1.070596    
   14.31014     -6.3966081E-02   1.070530    
   14.33014     -5.5051580E-02   1.079516    
   14.35014     -4.4876970E-02   1.089615    
   14.37014     -5.9061281E-02   1.075485    
   14.39014     -5.3918920E-02   1.080693    
   14.41014     -5.2770644E-02   1.081824    
   14.43014     -5.9068196E-02   1.075457    
   14.45014     -3.2985382E-02   1.101636    
   14.47014     -3.2488748E-02   1.102125    
   14.49014     -3.7960954E-02   1.096584    
   14.51014     -2.3321453E-02   1.111171    
   14.53014     -2.5854433E-02   1.108649    
   14.55014     -3.2009620E-02   1.102478    
   14.57014     -2.7636522E-02   1.106860    
   14.59014     -1.5655944E-02   1.118856    
   14.61014     -2.4468916E-02   1.110138    
   14.63015     -4.6307277E-02   1.088194    
   14.65015     -3.4344207E-02   1.100283    
   14.67015     -1.3203196E-02   1.121290    
   14.69015     -1.2206472E-02   1.122284    
   14.71015     -1.5504340E-02   1.118983    
   14.73015     -2.1666711E-02   1.112834    
   14.75015     -3.2347735E-02   1.102152    
   14.77015     -2.9548606E-02   1.104967    
   14.79015     -1.6372368E-02   1.118127    
   14.81015     -1.6574005E-02   1.117926    
   14.83015     -3.0977074E-02   1.103547    
   14.85015     -2.9839117E-02   1.104695    
   14.87015     -1.2489799E-02   1.122020    
   14.89015     -1.0968563E-02   1.123533    
   14.91015     -1.0099940E-02   1.124406    
   14.93015      8.4759947E-03   1.143026    
   14.95015      3.4654113E-03   1.138080    
   14.97015     -8.0638099E-04   1.133752    
   14.99015      2.2020059E-02   1.156550    
   15.01015      2.4806218E-02   1.159316    
   15.03015      1.9717133E-02   1.154206    
   15.05015      1.5198268E-02   1.149704    
   15.07016      1.5366513E-02   1.149873    
   15.09016      3.3520643E-02   1.168062    
   15.11016      2.8367694E-02   1.162971    
   15.13016      1.9795639E-03   1.136509    
   15.15016     -1.2972061E-02   1.121526    
   15.17016     -8.4092151E-03   1.126118    
   15.19016      4.6771173E-03   1.139169    
   15.21016      8.2102809E-03   1.142697    
   15.23016      2.3714729E-02   1.158304    
   15.25016      4.4205014E-02   1.178702    
   15.27016      3.7864242E-02   1.172406    
   15.29016      2.6127497E-02   1.160614    
   15.31016      1.4974804E-02   1.149511    
   15.33016     -3.6788272E-04   1.134127    
   15.35016      6.9564325E-03   1.141504    
   15.37016      1.4634529E-02   1.149128    
   15.39016      3.7182127E-03   1.138224    
   15.41016      9.9202404E-03   1.144479    
   15.43016      3.0238660E-02   1.164748    
   15.45016      2.7993111E-02   1.162519    
   15.47016      2.5920348E-02   1.160431    
   15.49016      2.1519968E-02   1.156068    
   15.51017      1.0970562E-02   1.145457    
   15.53017      1.8740237E-02   1.153243    
   15.55017      1.5189729E-02   1.149718    
   15.57017      9.8589174E-03   1.144354    
   15.59017      1.1092126E-02   1.145583    
   15.61017      6.8919766E-03   1.141378    
   15.63017     -4.5659809E-04   1.134047    
   15.65017     -1.9006005E-02   1.115545    
   15.67017     -6.1388682E-03   1.128623    
   15.69017      1.3084440E-02   1.147584    
   15.71017      4.5228647E-03   1.139012    
   15.73017      1.7498707E-02   1.152093    
   15.75017      3.7698373E-02   1.172192    
   15.77017      3.5587139E-02   1.170091    
   15.79017      3.1718783E-02   1.166207    
   15.81017      1.8002201E-02   1.152603    
   15.83017     -7.7185640E-04   1.133716    
   15.85017     -7.3371748E-03   1.127156    
   15.87017     -2.5672304E-02   1.108904    
   15.89017     -2.0242454E-02   1.114416    
   15.91017      1.1950429E-02   1.146505    
   15.93017      2.2147568E-02   1.156635    
   15.95018      3.6576789E-02   1.171182    
   15.97018      2.6918588E-02   1.161705    
   15.99018      1.9856196E-02   1.154518    
   16.01018      2.3464790E-02   1.158043    
   16.03018      2.7006384E-02   1.161652    
   16.05018      3.1240517E-02   1.165823    
   16.07018      1.9787155E-02   1.154278    
   16.09018      1.8490138E-02   1.152986    
   16.11018      1.8595494E-02   1.153092    
   16.13018      1.8706901E-02   1.153202    
   16.15018      4.6466555E-02   1.181404    
   16.17018      3.3615034E-02   1.168987    
   16.19018      6.4814109E-03   1.141115    
   16.21018      7.4584149E-03   1.142076    
   16.23018      1.5927386E-02   1.150704    
   16.25018      4.7964994E-02   1.182466    
   16.27018      4.6556029E-02   1.181065    
   16.29018      2.8821969E-02   1.163351    
   16.31018      2.8471969E-02   1.162998    
   16.33018      4.6562832E-02   1.181076    
   16.35018      4.7649894E-02   1.182156    
   16.37018      3.6883727E-02   1.171374    
   16.39018      4.2578045E-02   1.177099    
   16.41018      4.8348274E-02   1.182838    
   16.43019      3.7716094E-02   1.172222    
   16.45019      2.5763774E-02   1.160258    
   16.47019      2.1854028E-02   1.156339    
   16.49019      3.5943355E-02   1.170502    
   16.51019      4.0898126E-02   1.175411    
   16.53019      4.8730962E-02   1.183324    
   16.55019      6.3055582E-02   1.197541    
   16.57019      8.1574030E-02   1.216227    
   16.59019      8.1058919E-02   1.215720    
   16.61019      7.5965613E-02   1.210551    
   16.63019      7.8871183E-02   1.213423    
   16.65019      5.9242979E-02   1.193747    
   16.67019      7.0850164E-02   1.205476    
   16.69019      9.4446674E-02   1.228942    
   16.71019      9.7195886E-02   1.231682    
   16.73019      9.3403541E-02   1.227889    
   16.75019      8.6582936E-02   1.221079    
   16.77019      7.0219651E-02   1.204754    
   16.79019      9.0615921E-02   1.225502    
   16.81019      0.1145157       1.249022    
   16.83019      0.1102939       1.244782    
   16.85019      9.7373202E-02   1.231964    
   16.87020      8.2985856E-02   1.217471    
   16.89020      7.8410476E-02   1.212911    
   16.91020      8.5963279E-02   1.220527    
   16.93020      7.0789754E-02   1.205625    
   16.95020      7.4774280E-02   1.209710    
   16.97020      0.1124610       1.246953    
   16.99020      0.1249587       1.259467    
   17.01020      0.1094522       1.244156    
   17.03020      6.2301390E-02   1.197021    
   17.05020      6.0455661E-02   1.195140    
   17.07020      0.1033147       1.237976    
   17.09020      0.1233501       1.257834    
   17.11020      0.1028041       1.237444    
   17.13020      7.2096772E-02   1.206631    
   17.15020      8.0984682E-02   1.215632    
   17.17020      9.5127113E-02   1.229625    
   17.19020      8.2248360E-02   1.216753    
   17.21020      8.3694831E-02   1.218208    
   17.23020      8.5719988E-02   1.220221    
   17.25020      6.8323500E-02   1.202857    
   17.27020      4.8223410E-02   1.182743    
   17.29021      3.7446328E-02   1.171931    
   17.31021      3.8861886E-02   1.173349    
   17.33021      6.4624250E-02   1.199324    
   17.35021      7.9850882E-02   1.214358    
   17.37021      6.0972765E-02   1.195510    
   17.39021      3.6925111E-02   1.171478    
   17.41021      5.0537687E-02   1.185313    
   17.43021      6.9622897E-02   1.204128    
   17.45021      3.5725456E-02   1.170513    
   17.47021      1.9871384E-02   1.154406    
   17.49021      1.6048357E-02   1.150625    
   17.51021     -9.6069807E-03   1.124931    
   17.53021      7.6092640E-03   1.142442    
   17.55021      6.4029992E-02   1.198845    
   17.57021      7.2242111E-02   1.206891    
   17.59021      2.5226779E-02   1.160025    
   17.61021     -7.9455934E-03   1.126554    
   17.63021      1.1824434E-02   1.146601    
   17.65021      5.7023205E-02   1.191663    
   17.67021      7.4726731E-02   1.209211    
   17.69021      2.7116928E-02   1.162512    
   17.71021     -1.8818472E-02   1.115665    
   17.73022     -6.0046599E-03   1.128551    
   17.75022      1.7961033E-02   1.152499    
   17.77022      3.0677055E-03   1.137851    
   17.79022     -1.3708690E-02   1.120814    
   17.81022     -9.6881324E-03   1.124808    
   17.83022     -1.1040097E-02   1.123450    
   17.85022     -9.7295186E-03   1.124757    
   17.87022     -1.8464420E-02   1.116035    
   17.89022     -1.4102129E-02   1.120430    
   17.91022      2.2860697E-02   1.157648    
   17.93022      3.2728907E-02   1.167331    
   17.95022      4.4159628E-02   1.178978    
   17.97022      4.5367282E-02   1.180157    
 
