  0.78435261    -1.022136
  0.79710531    -1.019552
  0.80985787    -1.023507
  0.82261038    -1.019664
  0.83536288    -1.022702
  0.84811528    -1.019103
  0.86086781    -1.019173
  0.87362011    -1.013436
  0.88637235    -1.018463
  0.89912467    -1.025409
  0.91187679    -1.018063
  0.92462895    -1.014412
  0.93738096    -1.018071
  0.95013300    -1.017216
  0.96288490    -1.013803
  0.97563673    -1.011306
  0.98838863    -1.009701
  1.00114033    -1.003154
  1.01389207    -0.999601
  1.02664364    -1.004135
  1.03939516    -1.003597
  1.05214674    -1.002242
  1.06489812    -0.998763
  1.07764952    -0.999871
  1.09040077    -1.004205
  1.10315194    -1.001716
  1.11590318    -1.008682
  1.12865422    -0.997516
  1.14140518    -0.995051
  1.15415616    -0.993024
  1.16690711    -0.985927
  1.17965786    -0.983419
  1.19240853    -0.981863
  1.20515930    -0.978386
  1.21790982    -0.977033
  1.23066030    -0.972058
  1.24341066    -0.968194
  1.25616095    -0.963044
  1.26891133    -0.960724
  1.28166145    -0.959897
  1.29441150    -0.952179
  1.30716146    -0.947192
  1.31991134    -0.948146
  1.33266135    -0.948180
  1.34541106    -0.943749
  1.35816069    -0.945031
  1.37091023    -0.935464
  1.38365968    -0.934034
  1.39640926    -0.936778
  1.40915854    -0.930067
  1.42190773    -0.924543
  1.43465682    -0.926304
  1.44740583    -0.915908
  1.46015487    -0.907924
  1.47290378    -0.904897
  1.48565251    -0.899603
  1.49840115    -0.892920
  1.51114982    -0.897677
  1.52389826    -0.888578
  1.53664670    -0.885384
  1.54939503    -0.875805
  1.56214318    -0.866719
  1.57489128    -0.856727
  1.58763923    -0.842368
  1.60038717    -0.821599
  1.61313492    -0.791994
  1.62588257    -0.746522
  1.63863034    -0.673182
  1.65137787    -0.550406
  1.66412521    -0.311614
  1.67687244     0.155318
  1.68961956     0.966917
  1.70236658     2.180807
  1.71511349     3.599129
  1.72786029     5.077583
  1.74060712     6.193669
  1.75335370     6.881047
  1.76610026     7.090788
  1.77884675     6.856393
  1.79159299     6.194585
  1.80433913     5.106018
  1.81708515     3.785184
  1.82983127     2.346439
  1.84257706     1.134555
  1.85532273     0.247409
  1.86806828    -0.242033
  1.88081372    -0.487226
  1.89355903    -0.609207
  1.90630440    -0.673827
  1.91904952    -0.704900
  1.93179465    -0.726444
  1.94453948    -0.743865
  1.95728419    -0.746227
  1.97002877    -0.753161
  1.98277323    -0.757886
  1.99551757    -0.755122
  2.00826177    -0.750804
  2.02100590    -0.741658
  2.03374985    -0.737676
  2.04649407    -0.735870
  2.05923776    -0.727860
  2.07198132    -0.717528
  2.08472475    -0.709134
  2.09746805    -0.697150
  2.11021122    -0.685332
  2.12295425    -0.664583
  2.13569737    -0.647201
  2.14844013    -0.633442
  2.16118276    -0.606877
  2.17392525    -0.579303
  2.18666782    -0.545063
  2.19941004    -0.509295
  2.21215211    -0.474270
  2.22489426    -0.424986
  2.23763606    -0.350504
  2.25037771    -0.255969
  2.26311922    -0.111414
  2.27586058     0.117196
  2.28860180     0.517128
  2.30134288     1.304776
  2.31408403     2.847945
  2.32682503     5.702716
  2.33956567    10.415630
  2.35230616    16.506939
  2.36504650    23.228395
  2.37778669    29.079019
  2.39052672    33.081532
  2.40326661    34.969429
  2.41600635    34.894728
  2.42874593    32.894344
  2.44148536    28.891629
  2.45422485    23.437049
  2.46696414    17.353978
  2.47970310    12.044668
  2.49244191     8.787250
  2.50518060     8.656913
  2.51791909    11.146195
  2.53065741    15.389417
  2.54339558    20.068125
  2.55613359    23.947616
  2.56887143    26.348871
  2.58160912    27.231872
  2.59434681    26.610785
  2.60708438    24.363279
  2.61982157    20.757124
  2.63255860    16.015975
  2.64529545    11.027303
  2.65803214     6.602826
  2.67076888     3.441016
  2.68350523     1.593440
  2.69624141     0.653978
  2.70897742     0.193073
  2.72171326    -0.038921
  2.73444893    -0.154353
  2.74718486    -0.191313
  2.75992018    -0.175956
  2.77265532    -0.095388
  2.78539029     0.015391
  2.79812508     0.140911
  2.81085970     0.272066
  2.82359413     0.391569
  2.83632839     0.555111
  2.84906247     0.838750
  2.86179681     1.382994
  2.87453052     2.345445
  2.88726406     3.642723
  2.89999741     5.178876
  2.91273057     6.586055
  2.92546356     7.606502
  2.93819635     8.155529
  2.95092896     8.215637
  2.96366139     7.808968
  2.97639362     6.869896
  2.98912567     5.532073
  3.00185797     3.922199
  3.01458964     2.345429
  3.02732112     1.101317
  3.04005240     0.319286
  3.05278350    -0.022261
  3.06551439    -0.101588
  3.07824510    -0.043265
  3.09097561     0.070272
  3.10370592     0.165143
  3.11643604     0.216091
  3.12916636     0.217343
  3.14189608     0.174305
  3.15462560     0.094562
  3.16735475    -0.038421
  3.18008405    -0.208985
  3.19281301    -0.375850
  3.20554173    -0.515892
  3.21827042    -0.610465
  3.23099856    -0.655760
  3.24372706    -0.680873
  3.25645457    -0.690928
  3.26918266    -0.694063
  3.28191015    -0.692761
  3.29463743    -0.695389
  3.30736450    -0.687200
  3.32009136    -0.676865
  3.33281823    -0.654400
  3.34554467    -0.634373
  3.35827090    -0.592938
  3.37099692    -0.542401
  3.38372294    -0.459235
  3.39644853    -0.328629
  3.40917390    -0.103035
  3.42189905     0.336604
  3.43462421     1.183975
  3.44734872     2.859683
  3.46007344     5.550489
  3.47279772     9.197572
  3.48552179    13.320083
  3.49824607    16.934243
  3.51096925    19.651963
  3.52369309    21.042893
  3.53641605    21.209262
  3.54913922    20.157699
  3.56186173    17.817790
  3.57458445    14.414380
  3.58730650    10.426448
  3.60002877     6.657087
  3.61275081     3.617385
  3.62547218     1.706710
  3.63819377     0.699297
  3.65091468     0.221731
  3.66363579     0.018959
  3.67635624    -0.061473
  3.68907690    -0.033261
  3.70179688     0.099117
  3.71451746     0.382667
  3.72723657     0.979477
  3.73995668     2.204415
  3.75267616     4.591206
  3.76539496     8.453519
  3.77811396    13.545257
  3.79083233    19.328517
  3.80355081    24.417081
  3.81626869    28.106110
  3.82898669    30.002648
  3.84170409    30.224585
  3.85442160    28.657457
  3.86713891    25.300416
  3.87985557    20.530966
  3.89257235    14.978404
  3.90528852     9.766591
  3.91800480     5.621157
  3.93072048     3.080878
  3.94343626     1.798965
  3.95615184     1.289339
  3.96886673     1.299598
  3.98158180     1.740715
  3.99429663     2.661219
  4.00701075     3.901761
  4.01972507     5.262652
  4.03243913     6.464365
  4.04515250     7.277138
  4.05786605     7.651139
  4.07057890     7.577726
  4.08329193     7.065123
  4.09600427     6.093127
  4.10871722     4.770660
  4.12142904     3.314135
  4.13414103     1.957137
  4.14685233     0.930121
  4.15956380     0.291473
  4.17227500    -0.023424
  4.18498550    -0.143966
  4.19769618    -0.170839
  4.21040615    -0.147533
  4.22311630    -0.077772
  4.23582573     0.054727
  4.24853534     0.298870
  4.26124424     0.752800
  4.27395331     1.666117
  4.28666211     3.393713
  4.29937019     6.361412
  4.31207845    10.553768
  4.32478599    15.463722
  4.33749409    20.319291
  4.35020069    24.177826
  4.36290824    26.830537
  4.37561428    28.538652
  4.38832128    29.678399
  4.40102721    30.531600
  4.41373322    31.134729
  4.42643898    31.331252
  4.43914407    31.035833
  4.45184932    30.305481
  4.46455385    29.359353
  4.47725853    28.007964
  4.48996249    25.896591
  4.50266617    22.674533
  4.51537000    18.247630
  4.52807310    13.360899
  4.54077636     8.655663
  4.55347889     5.005927
  4.56618201     2.655294
  4.57888352     1.371350
  4.59158607     0.738696
  4.60428700     0.390112
  4.61698852     0.174191
  4.62968886     0.004859
  4.64239024    -0.124433
  4.65508999    -0.256036
  4.66779078    -0.349327
  4.68049039    -0.399432
  4.69319014    -0.413285
  4.70588960    -0.387743
  4.71858831    -0.287854
  4.73128717    -0.058433
  4.74398529     0.324913
  4.75668310     0.861906
  4.76938106     1.438119
  4.78207827     1.984694
  4.79477563     2.397001
  4.80747223     2.638032
  4.82016898     2.729333
  4.83286497     2.671747
  4.84556154     2.565722
  4.85825649     2.538095
  4.87095200     2.894170
  4.88364633     3.866446
  4.89634167     5.587849
  4.90903626     7.753721
  4.92173009     9.951561
  4.93442406    11.714524
  4.94711727    12.786680
  4.95981061    13.106516
  4.97250320    12.595153
  4.98519591    11.303802
  4.99788742     9.294735
  5.01057950     6.906628
  5.02327126     4.572558
  5.03596226     2.581363
  5.04865338     1.336159
  5.06134418     0.789311
  5.07403422     0.905545
  5.08672438     1.594658
  5.09941422     2.782982
  5.11210330     4.275103
  5.12479205     5.729364
  5.13748092     6.909274
  5.15016902     7.625889
  5.16285723     7.865054
  5.17554468     7.658315
  5.18823224     6.971993
  5.20091903     5.920852
  5.21360593     4.689433
  5.22629206     3.613115
  5.23897830     2.893655
  5.25166333     2.614749
  5.26434935     2.682949
  5.27703371     2.926119
  5.28971906     3.157380
  5.30240319     3.306920
  5.31508743     3.299983
  5.32777089     3.092231
  5.34045445     2.738957
  5.35313723     2.356065
  5.36582012     2.142433
  5.37850222     2.279489
  5.39118442     2.886191
  5.40386585     3.836246
  5.41654737     4.949770
  5.42922810     5.975923
  5.44190894     6.688084
  5.45458898     7.087580
  5.46726913     7.121785
  5.47994848     6.817510
  5.49262749     6.273348
  5.50530615     5.705360
  5.51798535     5.384069
  5.53066287     5.452803
  5.54334136     5.917155
  5.55601818     6.585763
  5.56869597     7.228421
  5.58137297     7.673070
  5.59404917     7.962798
  5.60672546     8.208271
  5.61940051     8.575293
  5.63207609     9.157448
  5.64475087     9.974657
  5.65742573    10.853478
  5.67010023    11.608641
  5.68277394    12.072707
  5.69544772    12.108763
  5.70812071    11.566182
  5.72079377    10.348053
  5.73346603     8.574067
  5.74613793     6.393030
  5.75881034     4.251583
  5.77148150     2.521329
  5.78415275     1.489752
  5.79682318     1.350370
  5.80949369     2.066030
  5.82216339     3.569985
  5.83483316     5.526474
  5.84750212     7.571510
  5.86017115     9.340350
  5.87283893    10.509976
  5.88550722    11.022956
  5.89817470    10.863530
  5.91084268    10.004276
  5.92350896     8.466686
  5.93617620     6.493943
  5.94884217     4.475671
  5.96150821     2.703256
  5.97417343     1.515702
  5.98683827     0.909752
  5.99950274     0.710981
  6.01216770     0.700442
  6.02483096     0.785087
  6.03749516     0.942226
  6.05015810     1.271552
  6.06282109     1.912895
  6.07548326     3.128494
  6.08814549     4.921635
  6.10080689     7.138865
  6.11346790     9.448681
  6.12612853    11.353056
  6.13878920    12.697817
  6.15144905    13.356212
  6.16410895    13.378819
  6.17676802    12.844637
  6.18942758    11.726182
  6.20208586    10.237363
  6.21474419     8.599259
  6.22740169     7.114846
  6.24005880     5.954969
  6.25271594     5.079881
  6.26537226     4.357390
  6.27802861     3.576650
  6.29068457     2.671741
  6.30333969     1.702981
  6.31599485     0.820387
  6.32864917     0.087818
  6.34130352    -0.388358
  6.35395704    -0.662490
  6.36661059    -0.819266
  6.37926287    -0.909652
  6.39191561    -0.939976
  6.40456839    -0.954180
  6.41721989    -0.944385
  6.42987054    -0.900402
  6.44252166    -0.838482
  6.45517281    -0.694107
  6.46782268    -0.444286
  6.48047213    -0.019119
  6.49312074     0.670368
  6.50577025     1.579174
  6.51841847     2.612718
  6.53106672     3.549573
  6.54371368     4.275030
  6.55636153     4.678267
  6.56900854     4.772775
  6.58165512     4.556836
  6.59430129     4.020732
  6.60694617     3.279341
  6.61959106     2.473420
  6.63223598     1.764053
  6.64488047     1.344115
  6.65752367     1.373871
  6.67016732     2.023408
  6.68281099     3.426445
  6.69545335     5.703238
  6.70809486     8.663184
  6.72073682    11.965544
  6.73337835    15.308672
  6.74601901    18.296997
  6.75866013    20.783169
  6.77129950    22.571060
  6.78393932    23.312810
  6.79657827    22.774514
  6.80921766    20.967536
  6.82185531    18.278138
  6.83449341    15.178284
  6.84713107    11.990002
  6.85976786     9.089245
  6.87240466     6.537477
  6.88504014     4.349289
  6.89767606     2.662390
  6.91031154     1.546008
  6.92294659     0.953890
  6.93558032     0.745162
  6.94821493     0.720963
  6.96084866     0.803562
  6.97348151     0.983200
  6.98611435     1.261232
  6.99874588     1.608933
  7.01137784     1.961759
  7.02400892     2.270182
  7.03664043     2.579252
  7.04927018     2.992791
  7.06190036     3.619670
  7.07452965     4.669377
  7.08715937     6.088857
  7.09978776     7.731605
  7.11241527     9.336848
  7.12504364    10.608874
  7.13767069    11.433614
  7.15029728    11.829218
  7.16292342    11.824398
  7.17554998    11.383360
  7.18817521    10.625750
  7.20080086     9.673597
  7.21342430     8.669446
  7.22604904     7.767195
  7.23867200     7.061398
  7.25129582     6.521393
  7.26391831     5.994865
  7.27654034     5.425026
  7.28916190     4.914044
  7.30178388     4.744773
  7.31440539     5.197925
  7.32702470     6.385631
  7.33964441     8.155776
  7.35226409    10.011892
  7.36488375    11.587971
  7.37750119    12.527090
  7.39011991    12.757700
  7.40273729    12.231053
  7.41535508    10.928688
  7.42797239     9.144664
  7.44058749     7.151118
  7.45320299     5.328302
  7.46581889     3.995995
  7.47843388     3.248612
  7.49104708     3.024354
  7.50366156     3.151747
  7.51627469     3.519078
  7.52888822     4.096243
  7.54150040     4.745027
  7.55411210     5.417871
  7.56672332     6.044238
  7.57933493     6.630214
  7.59194519     7.335927
  7.60455453     8.380702
  7.61716471     9.840033
  7.62977352    11.645270
  7.64238185    13.666905
  7.65498970    15.699737
  7.66759794    17.548267
  7.68020481    19.008766
  7.69281120    19.834771
  7.70541798    19.774813
  7.71802340    18.636324
  7.73062788    16.535235
  7.74323319    13.783434
  7.75583714    10.687193
  7.76844059     7.692016
  7.78104356     5.117023
  7.79364690     3.055262
  7.80624887     1.492875
  7.81885035     0.447745
  7.83145134    -0.164247
  7.84405226    -0.474653
  7.85665226    -0.583313
  7.86925262    -0.576313
  7.88185075    -0.513216
  7.89445012    -0.437937
  7.90704811    -0.293977
  7.91964648    -0.078847
  7.93224435     0.336426
  7.94483997     0.996777
  7.95743595     1.953547
  7.97003187     3.095610
  7.98262773     4.311456
  7.99522132     5.496632
  8.00781529     6.535940
  8.02040962     7.499630
  8.03300345     8.366762
  8.04559502     9.037769
  8.05818782     9.373783
  8.07077924     9.304692
  8.08337103     8.868176
  8.09596186     8.133283
  8.10855087     7.234078
  8.12114112     6.173295
  8.13372997     4.985677
  8.14631919     3.727695
  8.15890614     2.538833
  8.17149432     1.592660
  8.18408111     0.995480
  8.19666826     0.712847
  8.20925401     0.642479
  8.22183881     0.668764
  8.23442352     0.674671
  8.24700858     0.650297
  8.25959225     0.578778
  8.27217540     0.465680
  8.28475889     0.354052
  8.29734098     0.254329
  8.30992255     0.160145
  8.32250360     0.088519
  8.33508455     0.047491
  8.34766454    -0.004128
  8.36024400    -0.062389
  8.37282380    -0.099111
  8.38540220    -0.069189
  8.39798007     0.228329
  8.41055740     0.966668
  8.42313508     2.370853
  8.43571135     4.504436
  8.44828708     7.080822
  8.46086272     9.797019
  8.47343738    12.174432
  8.48601238    13.895877
  8.49858510    14.672226
  8.51115902    14.434542
  8.52373153    13.218034
  8.53630437    11.161011
  8.54887493     8.567921
  8.56144669     5.830558
  8.57401704     3.388077
  8.58658728     1.514891
  8.59915741     0.325244
  8.61172525    -0.371155
  8.62429342    -0.676382
  8.63686191    -0.760290
  8.64942986    -0.659702
  8.66199552    -0.459611
  8.67456237    -0.129482
  8.68712780     0.246771
  8.69969355     0.638164
  8.71225700     1.032533
  8.72482121     1.408056
  8.73738531     1.778332
  8.74994798     2.080170
  8.76251096     2.352632
  8.77507165     2.595070
  8.78763353     2.888018
  8.80019397     3.292331
  8.81275473     3.906863
  8.82531319     4.668717
  8.83787240     5.578703
  8.85043061     6.500819
  8.86298913     7.397779
  8.87554622     8.103731
  8.88810275     8.502036
  8.90065872     8.508100
  8.91321499     8.052149
  8.92576982     7.179566
  8.93832409     5.978598
  8.95087823     4.632601
  8.96343093     3.226498
  8.97598481     1.958429
  8.98853594     0.899376
  9.00108737     0.185440
  9.01363997    -0.146135
  9.02619026    -0.167351
  9.03873998     0.080919
  9.05128825     0.486704
  9.06383856     0.964667
  9.07638613     1.493341
  9.08893355     2.117377
  9.10147953     2.848540
  9.11402754     3.604701
  9.12657323     4.452445
  9.13911834     5.219458
  9.15166375     5.996044
  9.16420770     6.902301
  9.17675108     8.084493
  9.18929387     9.433246
  9.20183652    10.894049
  9.21437814    12.271382
  9.22691919    13.410823
  9.23945965    14.120783
  9.25200039    14.311983
  9.26453968    13.908548
  9.27707838    12.953799
  9.28961737    11.438226
  9.30215489     9.541883
  9.31469270     7.502654
  9.32722817     5.557282
  9.33976436     3.964168
  9.35229952     2.728115
  9.36483496     1.842937
  9.37736807     1.203115
  9.38990232     0.742989
  9.40243511     0.422598
  9.41496817     0.175357
  9.42750064     0.037191
  9.44003077     0.159523
  9.45256117     0.571229
  9.46509227     1.279143
  9.47762148     2.307907
  9.49014921     3.531149
  9.50267721     4.905394
  9.51520634     6.321006
  9.52773314     7.615239
  9.54025933     8.621901
  9.55278492     9.220955
  9.56531034     9.324451
  9.57783471     8.900130
  9.59035848     8.058213
  9.60288164     7.021371
  9.61540506     6.011564
  9.62792701     5.260208
  9.64044834     4.840036
  9.65296993     4.787353
  9.66549005     5.021379
  9.67800955     5.398603
  9.69052843     5.814864
  9.70304714     6.098745
  9.71556480     6.162923
  9.72808184     5.975269
  9.74059826     5.643848
  9.75311494     5.175186
  9.76563013     4.604487
  9.77814470     4.075007
  9.79065866     3.692717
  9.80317285     3.380496
  9.81568600     3.232762
  9.82819722     3.209103
  9.84070956     3.359884
  9.85322127     3.840572
  9.86573149     4.652116
  9.87824021     5.755183
  9.89075005     6.960464
  9.90325926     8.058818
  9.91576697     8.744709
  9.92827319     8.933916
  9.94078051     8.476387
  9.95328677     7.476541
  9.96579197     6.116693
  9.97829740     4.492292
  9.99080047     2.852213
 10.00330463     1.410616
 10.01580817     0.295853
 10.02831020    -0.440762
 10.04081159    -0.861810
 10.05331235    -1.043989
 10.06581291    -1.069828
 10.07831240    -1.008269
 10.09081124    -0.843741
 10.10330945    -0.437617
 10.11580788     0.291699
 10.12830481     1.376012
 10.14080110     2.757156
 10.15329674     4.326087
 10.16579260     5.916905
 10.17828696     7.326765
 10.19078024     8.568016
 10.20327503     9.501757
 10.21576658    10.040828
 10.22825836    10.139581
 10.24074948     9.755836
 10.25324168     8.993485
 10.26573064     7.988331
 10.27821982     6.841085
 10.29070834     5.640171
 10.30319751     4.431106
 10.31568386     3.232029
 10.32817043     2.067144
 10.34065807     1.149218
 10.35314332     0.470785
 10.36562792     0.104464
 10.37811100     0.068089
 10.39059602     0.238763
 10.40307864     0.555300
 10.41556061     0.911571
 10.42804105     1.200531
 10.44052300     1.351437
 10.45300298     1.446133
 10.46548231     1.477594
 10.47796183     1.672635
 10.49043983     2.161078
 10.50291716     3.041617
 10.51539383     4.252209
 10.52787069     5.646306
 10.54034603     7.093334
 10.55282026     8.247539
 10.56529512     8.931629
 10.57776845     9.048944
 10.59024111     8.589916
 10.60271309     7.640221
 10.61518527     6.390594
 10.62765591     5.034174
 10.64012588     3.805228
 10.65259518     2.848664
 10.66506466     2.163699
 10.67753217     1.691000
 10.69000117     1.387186
 10.70246690     1.108841
 10.71493281     0.931937
 10.72739804     0.962870
 10.73986432     1.257773
 10.75232820     1.944486
 10.76479052     2.990575
 10.77725303     4.382224
 10.78971616     6.065596
 10.80217730     7.897013
 10.81463690     9.603791
 10.82709754    10.961829
 10.83955749    11.771658
 10.85201589    11.935807
 10.86447274    11.444419
 10.87693149    10.321728
 10.88938783     8.715113
 10.90184348     6.860482
 10.91429843     4.971288
 10.92675313     3.206773
 10.93920670     1.698317
 10.95165958     0.646748
 10.96411176    -0.005791
 10.97656412    -0.264347
 10.98901491    -0.213793
 11.00146501    -0.029332
 11.01391442     0.349357
 11.02636398     0.747336
 11.03881156     1.093675
 11.05125886     1.412365
 11.06370633     1.678493
 11.07615224     1.920998
 11.08859744     2.160204
 11.10104194     2.409626
 11.11348660     2.828362
 11.12592970     3.356891
 11.13837295     3.963980
 11.15081377     4.644821
 11.16325518     5.188257
 11.17569631     5.533391
 11.18813587     5.574179
 11.20057386     5.285174
 11.21301286     4.659249
 11.22545116     3.828962
 11.23788874     2.874199
 11.25032389     1.929107
 11.26275919     1.118765
 11.27519463     0.566361
 11.28762893     0.160199
 11.30006208     0.113602
 11.31249366     0.293835
 11.32492624     0.707202
 11.33735811     1.417839
 11.34978839     2.352602
 11.36221796     3.489590
 11.37464680     4.601823
 11.38707579     5.732924
 11.39950320     6.686834
 11.41192945     7.296812
 11.42435627     7.483204
 11.43678150     7.255060
 11.44920601     6.652650
 11.46162980     5.804827
 11.47405372     5.018843
 11.48647605     4.417185
 11.49889765     4.234962
 11.51131853     4.372004
 11.52373954     4.845707
 11.53615852     5.436537
 11.54857721     5.965707
 11.56099516     6.303281
 11.57341411     6.366428
 11.58582973     6.056828
 11.59824549     5.398550
 11.61066137     4.593448
 11.62307651     3.897974
 11.63548920     3.313239
 11.64790201     2.990173
 11.66031537     3.050904
 11.67272670     3.528244
 11.68513730     4.330577
 11.69754629     5.364935
 11.70995712     6.393143
 11.72236549     7.331240
 11.73477312     8.033734
 11.74717915     8.366266
 11.75958701     8.200932
 11.77199197     7.531228
 11.78439748     6.482027
 11.79680138     5.152608
 11.80920454     3.717744
 11.82160695     2.353318
 11.83400947     1.185772
 11.84641037     0.214017
 11.85881053    -0.400950
 11.87120994    -0.763302
 11.88360945    -0.916386
 11.89600692    -0.995415
 11.90840407    -0.920668
 11.92080047    -0.743792
 11.93319696    -0.510872
 11.94559185    -0.251418
 11.95798769     0.047607
 11.97038020     0.353525
 11.98277281     0.587070
 11.99516466     0.780752
 12.00755704     0.835371
 12.01994651     0.829149
 12.03233607     0.798899
 12.04472488     0.813922
 12.05711464     0.905956
 12.06950192     1.082905
 12.08188757     1.289485
 12.09427332     1.537505
 12.10666002     1.746727
 12.11904424     1.924906
 12.13142683     2.039717
 12.14380951     2.108549
 12.15619270     2.041178
 12.16857384     1.994006
 12.18095335     2.064698
 12.19333467     2.339126
 12.20571349     2.971554
 12.21809154     3.942099
 12.23046882     5.142578
 12.24284618     6.415421
 12.25522148     7.535694
 12.26759643     8.326634
 12.27997060     8.618063
 12.29234485     8.360497
 12.30471747     7.656002
 12.31708930     6.650252
 12.32946122     5.494351
 12.34183149     4.474054
 12.35420098     3.586550
 12.36656969     2.969870
 12.37893805     2.623862
 12.39130519     2.493867
 12.40367155     2.436496
 12.41603712     2.371409
 12.42840276     2.347759
 12.44076676     2.389023
 12.45312997     2.583680
 12.46549239     2.939776
 12.47785488     3.519912
 12.49021658     4.282833
 12.50257705     5.042120
 12.51493545     5.638348
 12.52729392     5.943441
 12.53965159     5.849280
 12.55200846     5.423309
 12.56436540     4.667621
 12.57672068     3.681726
 12.58907603     2.549574
 12.60143057     1.501801
 12.61378304     0.629416
 12.62613513    -0.075818
 12.63848642    -0.437914
 12.65083606    -0.612081
 12.66318660    -0.549296
 12.67553635    -0.421920
 12.68788529    -0.237717
 12.70023257    -0.007231
 12.71257905     0.304797
 12.72492472     0.576521
 12.73727001     0.921970
 12.74961492     1.341243
 12.76195646     1.770369
 12.77429976     2.120836
 12.78664225     2.439797
 12.79898307     2.623619
 12.81132308     2.542499
 12.82366228     2.246318
 12.83600238     1.845053
 12.84833995     1.319260
 12.86067714     0.739045
 12.87301223     0.274671
 12.88534736    -0.120485
 12.89768167    -0.443920
 12.91001517    -0.481993
 12.92234870    -0.290395
 12.93468142     0.063003
 12.94701246     0.595189
 12.95934353     1.217885
 12.97167208     1.926060
 12.98400065     2.653344
 12.99632798     3.299147
 13.00865491     3.736042
 13.02098273     4.010997
 13.03330801     4.023015
 13.04563332     3.873424
 13.05795695     3.523206
 13.07027975     3.228876
 13.08260087     3.156775
 13.09492202     3.298428
 13.10724319     3.697632
 13.11956310     4.247821
 13.13188175     4.803086
 13.14420043     5.383960
 13.15651742     5.831011
 13.16883357     5.936399
 13.18115060     5.741366
 13.19346253     5.376796
 13.20577789     4.783475
 13.21809070     4.168148
 13.23040310     3.693636
 13.24271424     3.531590
 13.25502454     3.566281
 13.26733400     3.810616
 13.27964433     4.034018
 13.29195210     4.277720
 13.30425818     4.336791
 13.31656428     4.179826
 13.32887038     3.817990
 13.34117478     3.159398
 13.35347792     2.452189
 13.36578234     1.609175
 13.37808420     0.941163
 13.39038522     0.509155
 13.40268624     0.282791
 13.41498471     0.326006
 13.42728318     0.583796
 13.43958080     1.028994
 13.45187928     1.542371
 13.46417477     2.090630
 13.47646983     2.616060
 13.48876404     3.030193
 13.50105825     3.320170
 13.51335075     3.543204
 13.52564154     3.539656
 13.53793233     3.448829
 13.55022396     3.366495
 13.56251304     3.084982
 13.57480125     2.821189
 13.58708902     2.558264
 13.59937552     2.401387
 13.61166200     2.205095
 13.62394506     2.160959
 13.63622896     2.171446
 13.64851371     2.308740
 13.66079588     2.522244
 13.67307719     2.896626
 13.68535849     3.297552
 13.69763806     3.606049
 13.70991805     3.878384
 13.72219589     4.134517
 13.73447201     4.200434
 13.74674811     4.067851
 13.75902334     3.878695
 13.77129855     3.618636
 13.78357203     3.230977
 13.79584549     2.849922
 13.80811808     2.504528
 13.82038852     2.153498
 13.83265851     1.831259
 13.84492677     1.654174
 13.85719500     1.365552
 13.86946321     1.107722
 13.88172969     0.955280
 13.89399698     0.826873
 13.90626170     0.876302
 13.91852554     1.175288
 13.93078849     1.610839
 13.94305099     2.166669
 13.95531133     2.819774
 13.96757163     3.391594
 13.97983275     3.781923
 13.99209129     3.915607
 14.00434894     3.721841
 14.01660570     3.259760
 14.02886157     2.630817
 14.04111655     1.829065
 14.05337192     1.044892
 14.06562385     0.376561
 14.07787744    -0.167840
 14.09012886    -0.460126
 14.10237938    -0.624758
 14.11462902    -0.544811
 14.12687776    -0.357973
 14.13912730    -0.052215
 14.15137425     0.375219
 14.16362030     0.976385
 14.17586546     1.648113
 14.18810929     2.433158
 14.20035265     3.318420
 14.21259511     4.034413
 14.22483667     4.613873
 14.23707902     4.963125
 14.24931878     5.047066
 14.26155763     4.836086
 14.27379558     4.314184
 14.28603262     3.648674
 14.29826876     2.828547
 14.31050400     1.989855
 14.32273960     1.180167
 14.33497302     0.612492
 14.34720553     0.126222
 14.35943713    -0.133827
 14.37166952    -0.350937
 14.38389760    -0.272309
 14.39612647    -0.150666
 14.40835443     0.065017
 14.42058317     0.455667
 14.43280888     0.849802
 14.44503410     1.127887
 14.45726010     1.500741
 14.46948348     1.671470
 14.48170595     1.854766
 14.49392581     1.964311
 14.50614814     2.143086
 14.51836786     2.388853
 14.53058665     2.545775
 14.54280453     2.754851
 14.55502275     2.899503
 14.56723878     3.000310
 14.57945558     2.967399
 14.59166977     2.871769
 14.60388133     2.470754
 14.61609367     2.085751
 14.62830508     1.785108
 14.64051725     1.423664
 14.65272681     1.185192
 14.66493543     0.914891
 14.67714440     0.776562
 14.68935117     0.672053
 14.70155701     0.532207
 14.71376022     0.337072
 14.72596419     0.076794
 14.73816892    -0.295918
 14.75037103    -0.630675
 14.76257389    -0.900824
 14.77477371    -1.188944
 14.78697301    -1.307902
 14.79917137    -1.253738
 14.81136711    -0.992408
 14.82356528    -0.589298
 14.83576083    -0.258896
 14.84795544     0.037526
 14.86015080     0.320197
 14.87234353     0.442959
 14.88453531     0.374061
 14.89672615     0.057820
 14.90891732    -0.271069
 14.92110458    -0.673990
 14.93329259    -1.188588
 14.94548134    -1.667081
 14.95766745    -1.922969
 14.96985262    -2.223943
 14.98203684    -2.241952
 14.99422011    -2.415774
 15.00640412    -2.343361
 15.01858506    -2.153010
 15.03076421    -2.151452
 15.04294494    -1.867434
 15.05512345    -1.729117
 15.06730101    -1.542258
 15.07947762    -1.431434
 15.09165495    -1.222175
 15.10382964    -1.185380
 15.11600338    -1.167409
 15.12817616    -1.330246
 15.14034797    -1.295967
 15.15251841    -1.416523
 15.16468831    -1.523552
 15.17685725    -1.517518
 15.18902691    -1.518902
 15.20119393    -1.392536
 15.21335998    -1.218738
 15.22552507    -1.019355
 15.23768919    -0.682201
 15.24985235    -0.296523
 15.26201454    -0.074788
 15.27417703     0.161176
 15.28633729     0.260348
 15.29849658     0.317446
 15.31065490     0.187132
 15.32281225     0.014001
 15.33496862    -0.157795
 15.34712572    -0.437774
 15.35927847    -0.846953
 15.37143361    -1.266270
 15.38358568    -1.475030
 15.39573719    -1.676850
 15.40788773    -1.771727
 15.42003729    -1.798443
 15.43218756    -1.610853
 15.44433517    -1.305419
 15.45648180    -0.864126
 15.46862745    -0.275004
 15.48077212     0.327790
 15.49291580     0.943372
 15.50505851     1.747132
 15.51719982     2.196640
 15.52934224     2.633325
 15.54148200     2.834989
 15.55362077     2.830799
 15.56575856     2.574809
 15.57789536     2.265195
 15.59003117     1.657635
 15.60216600     1.025465
 15.61430152     0.451921
 15.62643395    -0.134710
 15.63856581    -0.606199
 15.65069836    -0.960913
 15.66282824    -0.993521
 15.67495544    -0.953278
 15.68708333    -0.720770
 15.69921023    -0.433781
 15.71133781    -0.046129
 15.72346272     0.180655
 15.73558663     0.474264
 15.74771081     0.569799
 15.75983272     0.712190
 15.77195364     0.898284
 15.78407188     1.063309
 15.79619248     1.157297
 15.80831040     1.263177
 15.82042731     1.394719
 15.83254491     1.606954
 15.84465982     1.890313
 15.85677330     1.914770
 15.86888789     2.072489
 15.88099978     2.241225
 15.89310900     2.378267
 15.90521888     2.476874
 15.91732776     2.601462
 15.92943730     2.785812
 15.94154416     2.927959
 15.95365001     2.944065
 15.96575611     2.850293
 15.97785993     2.610800
 15.98996275     2.177518
 16.00206287     1.522469
 16.01416534     0.820040
 16.02626511     0.227487
 16.03836387    -0.311603
 16.05046329    -0.799069
 16.06256001    -1.010226
 16.07465572    -1.020946
 16.08675041    -0.977831
 16.09884240    -0.885116
 16.11093631    -0.645456
 16.12302793    -0.486531
 16.13511854    -0.390606
 16.14720980    -0.390790
 16.15929837    -0.311743
 16.17138590    -0.265469
 16.18347242    -0.271230
 16.19555916    -0.241446
 16.20764237    -0.154695
 16.21972580     0.011429
 16.23180947     0.138843
 16.24389085     0.301069
 16.25597120     0.502857
 16.26805052     0.664805
 16.28012881     0.695019
 16.29220774     0.758783
 16.30428397     0.852550
 16.31635748     0.927750
 16.32843290     0.845143
 16.34050602     0.861956
 16.35257811     0.736050
 16.36464917     0.458669
 16.37672086     0.033459
 16.38878984    -0.270741
 16.40085778    -0.644426
 16.41292468    -0.990525
 16.42499054    -1.455694
 16.43705536    -1.741131
 16.44911914    -2.180586
 16.46118146    -2.258007
 16.47324483    -2.205114
 16.48530548    -2.110900
 16.49736509    -1.935154
 16.50942365    -1.744137
 16.52148117    -1.445455
 16.53353763    -1.205809
 16.54559306    -0.942583
 16.55764910    -0.984654
 16.56970201    -0.904919
 16.58175428    -0.906092
 16.59380551    -1.234045
 16.60585568    -1.336014
 16.61790480    -1.471719
 16.62995454    -1.442662
 16.64199988    -1.503733
 16.65404751    -1.410309
 16.66609242    -1.101822
 16.67813626    -0.815439
 16.69017906    -0.438261
 16.70222037    -0.199701
 16.71426272     0.029602
 16.72630234     0.237679
 16.73834090     0.536271
 16.75037839     0.594322
 16.76241483     0.565741
 16.77445020     0.471789
 16.78648451     0.200136
 16.79851776    -0.121673
 16.81055120    -0.474880
 16.82258232    -0.726373
 16.83461237    -0.718652
 16.84664136    -0.802467
 16.85866927    -0.656470
 16.87069613    -0.419140
 16.88272191    -0.263253
 16.89474829     0.106402
 16.90677193     0.360144
 16.91879450     0.527899
 16.93081725     0.559426
 16.94283768     0.483454
 16.95485536     0.333253
 16.96687364     0.277352
 16.97889084     0.436507
 16.99090864     0.347420
 17.00292369     0.307755
 17.01493933     0.305399
 17.02695223     0.186695
 17.03896363     0.261959
 17.05097603     0.223661
 17.06298236     0.193436
 17.07499260     0.269976
 17.08700010     0.317567
 17.09900651     0.283714
 17.11101350     0.233311
 17.12301775     0.207729
 17.13502091     0.104184
 17.14702423    -0.238030
 17.15902522    -0.502748
 17.17102346    -0.855038
 17.18302227    -1.257155
 17.19502166    -1.556375
 17.20701829    -1.637706
 17.21901384    -1.710582
 17.23100996    -1.696953
 17.24300332    -1.709103
 17.25499559    -1.490496
 17.26698635    -1.388253
 17.27897518    -1.437460
 17.29096542    -1.234625
 17.30295331    -1.404231
 17.31494011    -1.321703
 17.32692747    -1.416722
