   1.0808300e+00  -3.8144200e-01
   1.0908300e+00  -3.7681109e-01
   1.1008300e+00  -3.7554589e-01
   1.1108300e+00  -3.6971997e-01
   1.1208300e+00  -3.7119967e-01
   1.1308300e+00  -3.7183863e-01
   1.1408300e+00  -3.7983533e-01
   1.1508300e+00  -3.7615652e-01
   1.1608300e+00  -3.7588593e-01
   1.1708300e+00  -3.7245336e-01
   1.1808300e+00  -3.7508152e-01
   1.1908300e+00  -3.6849318e-01
   1.2008300e+00  -3.7297348e-01
   1.2108300e+00  -3.6823900e-01
   1.2208300e+00  -3.6170252e-01
   1.2308300e+00  -3.3885177e-01
   1.2408300e+00  -2.5806212e-01
   1.2508300e+00  -1.7123694e-01
   1.2608300e+00  -1.5081098e-01
   1.2708300e+00  -1.8960098e-01
   1.2808300e+00  -2.7026740e-01
   1.2908300e+00  -3.3821140e-01
   1.3008300e+00  -3.5839492e-01
   1.3108300e+00  -3.6463744e-01
   1.3208300e+00  -3.6660482e-01
   1.3308300e+00  -3.6653940e-01
   1.3408300e+00  -3.6189333e-01
   1.3508300e+00  -3.5903717e-01
   1.3608300e+00  -3.5694700e-01
   1.3708300e+00  -3.5470134e-01
   1.3808300e+00  -3.5608919e-01
   1.3908300e+00  -3.6105575e-01
   1.4008300e+00  -3.6156526e-01
   1.4108300e+00  -3.6212811e-01
   1.4208300e+00  -3.6180258e-01
   1.4308300e+00  -3.5919851e-01
   1.4408300e+00  -3.5467731e-01
   1.4508300e+00  -3.4868117e-01
   1.4608300e+00  -3.3898062e-01
   1.4708300e+00  -3.3625467e-01
   1.4808300e+00  -3.3952776e-01
   1.4908300e+00  -3.4612772e-01
   1.5008300e+00  -3.5025934e-01
   1.5108300e+00  -3.4745892e-01
   1.5208300e+00  -3.2528885e-01
   1.5308300e+00  -2.7215018e-01
   1.5408300e+00  -2.3046177e-01
   1.5508300e+00  -2.1516505e-01
   1.5608300e+00  -2.2321603e-01
   1.5708300e+00  -2.4659103e-01
   1.5808300e+00  -2.7677099e-01
   1.5908300e+00  -2.9826333e-01
   1.6008300e+00  -3.0318897e-01
   1.6108300e+00  -3.0651740e-01
   1.6208300e+00  -3.0644248e-01
   1.6308300e+00  -3.0615816e-01
   1.6408300e+00  -2.9993500e-01
   1.6508300e+00  -3.0556349e-01
   1.6608300e+00  -3.1185914e-01
   1.6708300e+00  -3.1906578e-01
   1.6808300e+00  -3.1053336e-01
   1.6908300e+00  -2.8572780e-01
   1.7008300e+00  -2.6061894e-01
   1.7108300e+00  -2.5212694e-01
   1.7208300e+00  -2.6087934e-01
   1.7308300e+00  -2.8168132e-01
   1.7408300e+00  -3.1156720e-01
   1.7508300e+00  -3.3196452e-01
   1.7608300e+00  -3.3675825e-01
   1.7708300e+00  -3.3476375e-01
   1.7808300e+00  -3.3311491e-01
   1.7908300e+00  -3.3204625e-01
   1.8008300e+00  -3.3603167e-01
   1.8108300e+00  -3.3756736e-01
   1.8208300e+00  -3.3986460e-01
   1.8308300e+00  -3.4194219e-01
   1.8408300e+00  -3.4191109e-01
   1.8508300e+00  -3.4078600e-01
   1.8608300e+00  -3.4053910e-01
   1.8708300e+00  -3.3962005e-01
   1.8808300e+00  -3.3440073e-01
   1.8908300e+00  -3.2948171e-01
   1.9008300e+00  -3.1721351e-01
   1.9108300e+00  -3.0229685e-01
   1.9208300e+00  -2.7207097e-01
   1.9308300e+00  -2.0157983e-01
   1.9408300e+00  -1.3710186e-02
   1.9508300e+00   3.7247924e-01
   1.9608300e+00   8.9671345e-01
   1.9708300e+00   1.3580650e+00
   1.9808300e+00   1.6002898e+00
   1.9908300e+00   1.5980504e+00
   2.0008300e+00   1.3437819e+00
   2.0108300e+00   8.8727203e-01
   2.0208300e+00   3.8117520e-01
   2.0308300e+00   6.0858276e-03
   2.0408300e+00  -1.8527205e-01
   2.0508300e+00  -2.6292577e-01
   2.0608300e+00  -2.7264571e-01
   2.0708300e+00  -2.2516910e-01
   2.0808300e+00  -6.6684245e-02
   2.0908300e+00   2.6962756e-01
   2.1008300e+00   7.6163581e-01
   2.1108300e+00   1.2800561e+00
   2.1208300e+00   1.6781920e+00
   2.1308300e+00   1.8609657e+00
   2.1408300e+00   1.7724458e+00
   2.1508300e+00   1.4464166e+00
   2.1608300e+00   9.7052744e-01
   2.1708300e+00   4.9813167e-01
   2.1808300e+00   1.4386957e-01
   2.1908300e+00  -6.7620123e-02
   2.2008300e+00  -1.6103395e-01
   2.2108300e+00  -1.9798100e-01
   2.2208300e+00  -2.2511062e-01
   2.2308300e+00  -2.5241775e-01
   2.2408300e+00  -2.8023853e-01
   2.2508300e+00  -3.0133261e-01
   2.2608300e+00  -3.1391204e-01
   2.2708300e+00  -3.1878876e-01
   2.2808300e+00  -3.2305206e-01
   2.2908300e+00  -3.2661593e-01
   2.3008300e+00  -3.3094057e-01
   2.3108300e+00  -3.3396636e-01
   2.3208300e+00  -3.3289136e-01
   2.3308300e+00  -3.2933441e-01
   2.3408300e+00  -3.1939733e-01
   2.3508300e+00  -3.0309727e-01
   2.3608300e+00  -2.8577349e-01
   2.3708300e+00  -2.7095600e-01
   2.3808300e+00  -2.6528241e-01
   2.3908300e+00  -2.6553149e-01
   2.4008300e+00  -2.7090315e-01
   2.4108300e+00  -2.8056991e-01
   2.4208300e+00  -2.8968672e-01
   2.4308300e+00  -2.9101363e-01
   2.4408300e+00  -2.8071859e-01
   2.4508300e+00  -2.6558736e-01
   2.4608300e+00  -2.4879046e-01
   2.4708300e+00  -2.3480213e-01
   2.4808300e+00  -2.2063465e-01
   2.4908300e+00  -2.1178612e-01
   2.5008300e+00  -2.1147326e-01
   2.5108300e+00  -2.1989894e-01
   2.5208300e+00  -2.3386443e-01
   2.5308300e+00  -2.5008440e-01
   2.5408300e+00  -2.6654982e-01
   2.5508300e+00  -2.8556506e-01
   2.5608300e+00  -3.0296233e-01
   2.5708300e+00  -3.1693701e-01
   2.5808300e+00  -3.2507042e-01
   2.5908300e+00  -3.2730021e-01
   2.6008300e+00  -3.2605568e-01
   2.6108300e+00  -3.2365690e-01
   2.6208300e+00  -3.2053389e-01
   2.6308300e+00  -3.2037405e-01
   2.6408300e+00  -3.1697828e-01
   2.6508300e+00  -3.1294908e-01
   2.6608300e+00  -3.0680474e-01
   2.6708300e+00  -2.9410658e-01
   2.6808300e+00  -2.7072639e-01
   2.6908300e+00  -2.3349962e-01
   2.7008300e+00  -1.8510124e-01
   2.7108300e+00  -1.3407163e-01
   2.7208300e+00  -8.8451165e-02
   2.7308300e+00  -5.4508923e-02
   2.7408300e+00  -3.2662000e-02
   2.7508300e+00  -2.7518985e-02
   2.7608300e+00  -3.8725942e-02
   2.7708300e+00  -6.7909029e-02
   2.7808300e+00  -1.0041670e-01
   2.7908300e+00  -1.2730448e-01
   2.8008300e+00  -1.3365649e-01
   2.8108300e+00  -1.1726724e-01
   2.8208300e+00  -7.2962523e-02
   2.8308300e+00  -2.5400177e-03
   2.8408300e+00   8.5684364e-02
   2.8508300e+00   1.7732942e-01
   2.8608300e+00   2.5514676e-01
   2.8708300e+00   3.0093739e-01
   2.8808300e+00   3.0772800e-01
   2.8908300e+00   2.7276691e-01
   2.9008300e+00   2.0039768e-01
   2.9108300e+00   1.0832735e-01
   2.9208300e+00   7.4604555e-03
   2.9308300e+00  -8.2096669e-02
   2.9408300e+00  -1.5291371e-01
   2.9508300e+00  -1.9695373e-01
   2.9608300e+00  -2.1768772e-01
   2.9708300e+00  -2.1617732e-01
   2.9808300e+00  -1.9826950e-01
   2.9908300e+00  -1.6084379e-01
   3.0008300e+00  -9.3475013e-02
   3.0108300e+00   1.2155485e-02
   3.0208300e+00   1.5045602e-01
   3.0308300e+00   3.0009051e-01
   3.0408300e+00   4.2489882e-01
   3.0508300e+00   5.0728486e-01
   3.0608300e+00   5.3224254e-01
   3.0708300e+00   5.0664274e-01
   3.0808300e+00   4.3151537e-01
   3.0908300e+00   3.1002385e-01
   3.1008300e+00   1.6622160e-01
   3.1108300e+00   2.3443677e-02
   3.1208300e+00  -8.5954827e-02
   3.1308300e+00  -1.3987869e-01
   3.1408300e+00  -1.4391250e-01
   3.1508300e+00  -1.2348710e-01
   3.1608300e+00  -9.9728747e-02
   3.1708300e+00  -8.3085253e-02
   3.1808300e+00  -7.8111522e-02
   3.1908300e+00  -8.2649498e-02
   3.2008300e+00  -9.4660016e-02
   3.2108300e+00  -1.0753255e-01
   3.2208300e+00  -1.1506419e-01
   3.2308300e+00  -1.0870025e-01
   3.2408300e+00  -8.5430654e-02
   3.2508300e+00  -5.0366526e-02
   3.2608300e+00  -1.4495760e-02
   3.2708300e+00   1.1809147e-02
   3.2808300e+00   1.8677634e-02
   3.2908300e+00   6.7633079e-03
   3.3008300e+00  -2.3697618e-02
   3.3108300e+00  -6.7711366e-02
   3.3208300e+00  -1.2303458e-01
   3.3308300e+00  -1.7880788e-01
   3.3408300e+00  -2.2407296e-01
   3.3508300e+00  -2.5301808e-01
   3.3608300e+00  -2.6374829e-01
   3.3708300e+00  -2.6023644e-01
   3.3808300e+00  -2.4691778e-01
   3.3908300e+00  -2.3261238e-01
   3.4008300e+00  -2.1762753e-01
   3.4108300e+00  -2.0855385e-01
   3.4208300e+00  -2.0495894e-01
   3.4308300e+00  -2.0787596e-01
   3.4408300e+00  -2.1642603e-01
   3.4508300e+00  -2.3011602e-01
   3.4608300e+00  -2.4564820e-01
   3.4708300e+00  -2.6062854e-01
   3.4808300e+00  -2.7112294e-01
   3.4908300e+00  -2.7522500e-01
   3.5008300e+00  -2.7025662e-01
   3.5108300e+00  -2.5572906e-01
   3.5208300e+00  -2.2867244e-01
   3.5308300e+00  -1.8988807e-01
   3.5408300e+00  -1.3834608e-01
   3.5508300e+00  -8.3687315e-02
   3.5608300e+00  -2.8269742e-02
   3.5708300e+00   1.8843196e-02
   3.5808300e+00   5.4224888e-02
   3.5908300e+00   7.5079114e-02
   3.6008300e+00   8.1102083e-02
   3.6108300e+00   7.4544050e-02
   3.6208300e+00   6.1094622e-02
   3.6308300e+00   4.6856248e-02
   3.6408300e+00   4.0082824e-02
   3.6508300e+00   4.8744899e-02
   3.6608300e+00   7.3405164e-02
   3.6708300e+00   1.1219601e-01
   3.6808300e+00   1.5226317e-01
   3.6908300e+00   1.8193635e-01
   3.7008300e+00   1.9647980e-01
   3.7108300e+00   1.9200902e-01
   3.7208300e+00   1.6641335e-01
   3.7308300e+00   1.2661356e-01
   3.7408300e+00   7.2303610e-02
   3.7508300e+00   1.1717979e-02
   3.7608300e+00  -4.7733473e-02
   3.7708300e+00  -9.7404912e-02
   3.7808300e+00  -1.3186542e-01
   3.7908300e+00  -1.4929607e-01
   3.8008300e+00  -1.5225031e-01
   3.8108300e+00  -1.4533118e-01
   3.8208300e+00  -1.3384720e-01
   3.8308300e+00  -1.2176095e-01
   3.8408300e+00  -1.1171308e-01
   3.8508300e+00  -1.0322460e-01
   3.8608300e+00  -9.6240969e-02
   3.8708300e+00  -9.0052372e-02
   3.8808300e+00  -8.2281039e-02
   3.8908300e+00  -6.7265928e-02
   3.9008300e+00  -4.1699123e-02
   3.9108300e+00  -4.7504706e-03
   3.9208300e+00   5.2013839e-02
   3.9308300e+00   1.2452538e-01
   3.9408300e+00   2.0598581e-01
   3.9508300e+00   2.9275452e-01
   3.9608300e+00   3.6759870e-01
   3.9708300e+00   4.2481628e-01
   3.9808300e+00   4.5615515e-01
   3.9908300e+00   4.6777705e-01
   4.0008300e+00   4.6180968e-01
   4.0108300e+00   4.4684749e-01
   4.0208300e+00   4.3242989e-01
   4.0308300e+00   4.2520343e-01
   4.0408300e+00   4.2399102e-01
   4.0508300e+00   4.2754900e-01
   4.0608300e+00   4.2768886e-01
   4.0708300e+00   4.2642665e-01
   4.0808300e+00   4.1508277e-01
   4.0908300e+00   3.9106308e-01
   4.1008300e+00   3.5029879e-01
   4.1108300e+00   2.8916929e-01
   4.1208300e+00   2.1768741e-01
   4.1308300e+00   1.3743192e-01
   4.1408300e+00   6.4889949e-02
   4.1508300e+00   5.8684169e-03
   4.1608300e+00  -2.8868952e-02
   4.1708300e+00  -4.0988007e-02
   4.1808300e+00  -3.4778045e-02
   4.1908300e+00  -1.5290866e-02
   4.2008300e+00   1.1134879e-02
   4.2108300e+00   3.6369532e-02
   4.2208300e+00   5.9072998e-02
   4.2308300e+00   7.3165638e-02
   4.2408300e+00   7.8742132e-02
   4.2508300e+00   7.2900327e-02
   4.2608300e+00   5.6162131e-02
   4.2708300e+00   3.3533721e-02
   4.2808300e+00   4.7850514e-03
   4.2908300e+00  -2.6607249e-02
   4.3008300e+00  -5.6553231e-02
   4.3108300e+00  -8.0852647e-02
   4.3208300e+00  -1.0060502e-01
   4.3308300e+00  -1.1596559e-01
   4.3408300e+00  -1.2517468e-01
   4.3508300e+00  -1.3521678e-01
   4.3608300e+00  -1.4452687e-01
   4.3708300e+00  -1.5505358e-01
   4.3808300e+00  -1.6486340e-01
   4.3908300e+00  -1.7558723e-01
   4.4008300e+00  -1.8759650e-01
   4.4108300e+00  -1.9819343e-01
   4.4208300e+00  -2.0971681e-01
   4.4308300e+00  -2.1928128e-01
   4.4408300e+00  -2.2822704e-01
   4.4508300e+00  -2.3699271e-01
   4.4608300e+00  -2.4454922e-01
   4.4708300e+00  -2.4712106e-01
   4.4808300e+00  -2.4621154e-01
   4.4908300e+00  -2.3875142e-01
   4.5008300e+00  -2.2452840e-01
   4.5108300e+00  -2.0664899e-01
   4.5208300e+00  -1.8435050e-01
   4.5308300e+00  -1.5987826e-01
   4.5408300e+00  -1.3688322e-01
   4.5508300e+00  -1.1251805e-01
   4.5608300e+00  -8.5999000e-02
   4.5708300e+00  -6.0407092e-02
   4.5808300e+00  -3.1565260e-02
   4.5908300e+00  -2.6441176e-04
   4.6008300e+00   3.1487217e-02
   4.6108300e+00   6.1402013e-02
   4.6208300e+00   8.7405000e-02
   4.6308300e+00   1.0966368e-01
   4.6408300e+00   1.2993138e-01
   4.6508300e+00   1.4633549e-01
   4.6608300e+00   1.6417838e-01
   4.6708300e+00   1.8106227e-01
   4.6808300e+00   2.0069068e-01
   4.6908300e+00   2.2554577e-01
   4.7008300e+00   2.5178001e-01
   4.7108300e+00   2.7907954e-01
   4.7208300e+00   3.0069636e-01
   4.7308300e+00   3.1520676e-01
   4.7408300e+00   3.1814819e-01
   4.7508300e+00   3.1157948e-01
   4.7608300e+00   2.9890538e-01
   4.7708300e+00   2.7585331e-01
   4.7808300e+00   2.5165812e-01
   4.7908300e+00   2.2549871e-01
   4.8008300e+00   1.9810937e-01
   4.8108300e+00   1.7876822e-01
   4.8208300e+00   1.6535825e-01
   4.8308300e+00   1.5813445e-01
   4.8408300e+00   1.4859998e-01
   4.8508300e+00   1.3611702e-01
   4.8608300e+00   1.2042085e-01
   4.8708300e+00   9.7266300e-02
   4.8808300e+00   6.7449410e-02
   4.8908300e+00   3.3523887e-02
   4.9008300e+00   5.8559122e-03
   4.9108300e+00  -1.5439358e-02
   4.9208300e+00  -2.8619772e-02
   4.9308300e+00  -3.0582398e-02
   4.9408300e+00  -1.8432842e-02
   4.9508300e+00   4.0506397e-03
   4.9608300e+00   3.7875956e-02
   4.9708300e+00   8.1234451e-02
   4.9808300e+00   1.2781511e-01
   4.9908300e+00   1.8171367e-01
   5.0008300e+00   2.3108099e-01
   5.0108300e+00   2.7121119e-01
   5.0208300e+00   2.9880280e-01
   5.0308300e+00   3.0639595e-01
   5.0408300e+00   2.9660763e-01
   5.0508300e+00   2.6917393e-01
   5.0608300e+00   2.2759850e-01
   5.0708300e+00   1.7505459e-01
   5.0808300e+00   1.1710855e-01
   5.0908300e+00   5.8858741e-02
   5.1008300e+00   3.8747544e-04
   5.1108300e+00  -4.7210479e-02
   5.1208300e+00  -8.5571270e-02
   5.1308300e+00  -1.1383523e-01
   5.1408300e+00  -1.3294825e-01
   5.1508300e+00  -1.4401046e-01
   5.1608300e+00  -1.5041847e-01
   5.1708300e+00  -1.5609236e-01
   5.1808300e+00  -1.5983494e-01
   5.1908300e+00  -1.5979568e-01
   5.2008300e+00  -1.5825809e-01
   5.2108300e+00  -1.5226276e-01
   5.2208300e+00  -1.4153461e-01
   5.2308300e+00  -1.2773005e-01
   5.2408300e+00  -1.0844780e-01
   5.2508300e+00  -8.5667823e-02
   5.2608300e+00  -5.7969673e-02
   5.2708300e+00  -3.0889991e-02
   5.2808300e+00  -2.3003939e-03
   5.2908300e+00   2.0459826e-02
   5.3008300e+00   3.8104707e-02
   5.3108300e+00   4.8450237e-02
   5.3208300e+00   4.8247453e-02
   5.3308300e+00   4.0371923e-02
   5.3408300e+00   2.6448478e-02
   5.3508300e+00   6.7672697e-03
   5.3608300e+00  -1.6892104e-02
   5.3708300e+00  -3.9153270e-02
   5.3808300e+00  -6.0643390e-02
   5.3908300e+00  -7.9792423e-02
   5.4008300e+00  -9.2258426e-02
   5.4108300e+00  -9.8896619e-02
   5.4208300e+00  -1.0143079e-01
   5.4308300e+00  -9.9893315e-02
   5.4408300e+00  -9.4650235e-02
   5.4508300e+00  -8.7629983e-02
   5.4608300e+00  -8.2293755e-02
   5.4708300e+00  -7.5037408e-02
   5.4808300e+00  -6.5303263e-02
   5.4908300e+00  -5.4662925e-02
   5.5008300e+00  -4.4717275e-02
   5.5108300e+00  -3.3682042e-02
   5.5208300e+00  -2.0349457e-02
   5.5308300e+00  -7.8290000e-03
   5.5408300e+00   4.8298556e-03
   5.5508300e+00   1.7953476e-02
   5.5608300e+00   2.9331395e-02
   5.5708300e+00   4.0310388e-02
   5.5808300e+00   4.9211785e-02
   5.5908300e+00   5.5603004e-02
   5.6008300e+00   5.7955488e-02
   5.6108300e+00   5.9319770e-02
   5.6208300e+00   6.0840548e-02
   5.6308300e+00   6.1469588e-02
   5.6408300e+00   6.1523664e-02
   5.6508300e+00   5.9173426e-02
   5.6608300e+00   5.4987928e-02
   5.6708300e+00   4.9458815e-02
   5.6808300e+00   4.2142710e-02
   5.6908300e+00   3.2591775e-02
   5.7008300e+00   2.1301556e-02
   5.7108300e+00   8.6158651e-03
   5.7208300e+00  -1.0975699e-03
   5.7308300e+00  -1.0133403e-02
   5.7408300e+00  -1.8749206e-02
   5.7508300e+00  -2.4659674e-02
   5.7608300e+00  -2.8231464e-02
   5.7708300e+00  -3.0383590e-02
   5.7808300e+00  -3.0884288e-02
   5.7908300e+00  -3.4361675e-02
   5.8008300e+00  -4.0062376e-02
   5.8108300e+00  -4.7149290e-02
   5.8208300e+00  -5.7598361e-02
   5.8308300e+00  -6.9663218e-02
   5.8408300e+00  -8.3415722e-02
   5.8508300e+00  -9.5486933e-02
   5.8608300e+00  -1.0745559e-01
   5.8708300e+00  -1.1781428e-01
   5.8808300e+00  -1.2574292e-01
   5.8908300e+00  -1.3217242e-01
   5.9008300e+00  -1.3448083e-01
   5.9108300e+00  -1.3255647e-01
   5.9208300e+00  -1.2882126e-01
   5.9308300e+00  -1.2159098e-01
   5.9408300e+00  -1.1364797e-01
   5.9508300e+00  -1.0341979e-01
   5.9608300e+00  -9.0486163e-02
   5.9708300e+00  -7.4244688e-02
   5.9808300e+00  -5.7813475e-02
   5.9908300e+00  -4.0249840e-02
   6.0008300e+00  -2.3530820e-02
   6.0108300e+00  -1.0119241e-02
   6.0208300e+00   1.8665781e-04
   6.0308300e+00   9.7387396e-03
   6.0408300e+00   1.7903463e-02
   6.0508300e+00   2.8072762e-02
   6.0608300e+00   4.3757337e-02
   6.0708300e+00   6.3250072e-02
   6.0808300e+00   8.5879937e-02
   6.0908300e+00   1.1059064e-01
   6.1008300e+00   1.3224603e-01
   6.1108300e+00   1.5006719e-01
   6.1208300e+00   1.6198740e-01
   6.1308300e+00   1.6419950e-01
   6.1408300e+00   1.5678103e-01
   6.1508300e+00   1.3732194e-01
   6.1608300e+00   1.0726093e-01
   6.1708300e+00   7.3006204e-02
   6.1808300e+00   3.1871000e-02
   6.1908300e+00  -7.9098352e-03
   6.2008300e+00  -4.1678195e-02
   6.2108300e+00  -6.7349137e-02
   6.2208300e+00  -8.5780415e-02
   6.2308300e+00  -9.6262758e-02
   6.2408300e+00  -1.0023950e-01
   6.2508300e+00  -9.8389901e-02
   6.2608300e+00  -9.1926008e-02
   6.2708300e+00  -8.3825014e-02
   6.2808300e+00  -7.4885793e-02
   6.2908300e+00  -6.5654571e-02
   6.3008300e+00  -5.6707162e-02
   6.3108300e+00  -4.6492208e-02
   6.3208300e+00  -3.6168804e-02
   6.3308300e+00  -2.9893542e-02
   6.3408300e+00  -2.4998702e-02
   6.3508300e+00  -1.9570472e-02
   6.3608300e+00  -1.5473530e-02
   6.3708300e+00  -1.2592472e-02
   6.3808300e+00  -9.7913511e-03
   6.3908300e+00  -6.9129125e-03
   6.4008300e+00  -2.9384648e-03
   6.4108300e+00   3.3385351e-03
   6.4208300e+00   1.1126769e-02
   6.4308300e+00   2.0201194e-02
   6.4408300e+00   3.3107107e-02
   6.4508300e+00   4.9487237e-02
   6.4608300e+00   6.7298416e-02
   6.4708300e+00   8.5735263e-02
   6.4808300e+00   1.0157663e-01
   6.4908300e+00   1.0965571e-01
   6.5008300e+00   1.1394401e-01
   6.5108300e+00   1.1164099e-01
   6.5208300e+00   9.8573202e-02
   6.5308300e+00   7.7146018e-02
   6.5408300e+00   5.3927706e-02
   6.5508300e+00   2.6390954e-02
   6.5608300e+00  -6.2270122e-03
   6.5708300e+00  -3.8678219e-02
   6.5808300e+00  -6.4393590e-02
   6.5908300e+00  -8.9276731e-02
   6.6008300e+00  -1.1126336e-01
   6.6108300e+00  -1.2551793e-01
   6.6208300e+00  -1.3207036e-01
   6.6308300e+00  -1.3404975e-01
   6.6408300e+00  -1.2942316e-01
   6.6508300e+00  -1.2012926e-01
   6.6608300e+00  -1.0680496e-01
   6.6708300e+00  -8.9024081e-02
   6.6808300e+00  -6.3883961e-02
   6.6908300e+00  -3.7582067e-02
   6.7008300e+00  -1.4377060e-02
   6.7108300e+00   1.0213313e-02
   6.7208300e+00   3.6801287e-02
   6.7308300e+00   6.2492550e-02
   6.7408300e+00   8.3263911e-02
   6.7508300e+00   1.0402705e-01
   6.7608300e+00   1.2529024e-01
   6.7708300e+00   1.4532869e-01
   6.7808300e+00   1.5974362e-01
   6.7908300e+00   1.7150551e-01
   6.8008300e+00   1.8077449e-01
   6.8108300e+00   1.8611871e-01
   6.8208300e+00   1.8537340e-01
   6.8308300e+00   1.7787580e-01
   6.8408300e+00   1.6285028e-01
   6.8508300e+00   1.4398573e-01
   6.8608300e+00   1.2428487e-01
   6.8708300e+00   9.6362362e-02
   6.8808300e+00   6.9231276e-02
   6.8908300e+00   4.6208611e-02
   6.9008300e+00   2.2544512e-02
   6.9108300e+00  -3.7640970e-03
   6.9208300e+00  -2.4909172e-02
   6.9308300e+00  -4.2013694e-02
   6.9408300e+00  -5.7192798e-02
   6.9508300e+00  -6.8078304e-02
   6.9608300e+00  -7.6135336e-02
   6.9708300e+00  -8.2298978e-02
   6.9808300e+00  -8.4112900e-02
   6.9908300e+00  -8.4817408e-02
   7.0008300e+00  -8.4684657e-02
   7.0108300e+00  -8.2623420e-02
   7.0208300e+00  -8.0748048e-02
   7.0308300e+00  -7.8942635e-02
   7.0408300e+00  -7.9797187e-02
   7.0508300e+00  -8.1279438e-02
   7.0608300e+00  -8.6153122e-02
   7.0708300e+00  -9.1770768e-02
   7.0808300e+00  -9.9332483e-02
   7.0908300e+00  -1.0906820e-01
   7.1008300e+00  -1.1565590e-01
   7.1108300e+00  -1.2283395e-01
   7.1208300e+00  -1.3100931e-01
   7.1308300e+00  -1.3503777e-01
   7.1408300e+00  -1.3682381e-01
   7.1508300e+00  -1.3473936e-01
   7.1608300e+00  -1.2853492e-01
   7.1708300e+00  -1.2151891e-01
   7.1808300e+00  -1.0965741e-01
   7.1908300e+00  -9.6596555e-02
   7.2008300e+00  -7.9863222e-02
   7.2108300e+00  -6.2157158e-02
   7.2208300e+00  -4.8949573e-02
   7.2308300e+00  -3.4148579e-02
   7.2408300e+00  -2.2029884e-02
   7.2508300e+00  -1.5525537e-02
   7.2608300e+00  -1.0903782e-02
   7.2708300e+00  -1.2640199e-02
   7.2808300e+00  -1.8467138e-02
   7.2908300e+00  -3.0082095e-02
   7.3008300e+00  -3.9820267e-02
   7.3108300e+00  -5.2657026e-02
   7.3208300e+00  -6.3961330e-02
   7.3308300e+00  -6.9720929e-02
   7.3408300e+00  -7.3635737e-02
   7.3508300e+00  -7.4770210e-02
   7.3608300e+00  -7.1684969e-02
   7.3708300e+00  -6.2006954e-02
   7.3808300e+00  -5.2458341e-02
   7.3908300e+00  -4.1123480e-02
   7.4008300e+00  -2.9842532e-02
   7.4108300e+00  -2.2347385e-02
   7.4208300e+00  -1.4530834e-02
   7.4308300e+00  -1.0130855e-02
   7.4408300e+00  -1.0667556e-02
   7.4508300e+00  -1.5268325e-02
   7.4608300e+00  -2.1776905e-02
   7.4708300e+00  -3.5837229e-02
   7.4808300e+00  -4.9314316e-02
   7.4908300e+00  -6.3163754e-02
   7.5008300e+00  -8.0887081e-02
   7.5108300e+00  -9.4039755e-02
   7.5208300e+00  -1.0756889e-01
   7.5308300e+00  -1.1528773e-01
   7.5408300e+00  -1.2446011e-01
   7.5508300e+00  -1.2927598e-01
   7.5608300e+00  -1.3098433e-01
   7.5708300e+00  -1.2784801e-01
   7.5808300e+00  -1.2334407e-01
   7.5908300e+00  -1.1331246e-01
   7.6008300e+00  -1.0156654e-01
   7.6108300e+00  -8.7867116e-02
   7.6208300e+00  -6.4583738e-02
   7.6308300e+00  -4.6269387e-02
   7.6408300e+00  -2.3053072e-02
   7.6508300e+00  -8.4111425e-03
   7.6608300e+00   1.2428825e-02
   7.6708300e+00   2.6380318e-02
   7.6808300e+00   3.6829593e-02
   7.6908300e+00   4.2566691e-02
   7.7008300e+00   4.4911623e-02
   7.7108300e+00   4.2659883e-02
   7.7208300e+00   4.0188345e-02
   7.7308300e+00   3.3546013e-02
   7.7408300e+00   2.5693573e-02
   7.7508300e+00   1.4923681e-02
   7.7608300e+00   5.7700412e-03
   7.7708300e+00  -3.5927165e-03
   7.7808300e+00  -1.0372968e-02
   7.7908300e+00  -1.3697861e-02
   7.8008300e+00  -1.5326965e-02
   7.8108300e+00  -1.5124070e-02
   7.8208300e+00  -1.4205453e-02
   7.8308300e+00  -1.3400333e-02
   7.8408300e+00  -1.1732198e-02
   7.8508300e+00  -1.1537618e-02
   7.8608300e+00  -1.1742046e-02
   7.8708300e+00  -1.2019572e-02
   7.8808300e+00  -1.2767546e-02
   7.8908300e+00  -1.6284662e-02
   7.9008300e+00  -2.0015343e-02
   7.9108300e+00  -2.4559808e-02
   7.9208300e+00  -2.8565941e-02
   7.9308300e+00  -3.3856000e-02
   7.9408300e+00  -3.5858317e-02
   7.9508300e+00  -3.7462551e-02
   7.9608300e+00  -3.7667779e-02
   7.9708300e+00  -3.7495242e-02
   7.9808300e+00  -3.6867521e-02
   7.9908300e+00  -3.5493731e-02
   8.0008300e+00  -3.5910992e-02
   8.0108300e+00  -3.5419506e-02
   8.0208300e+00  -3.5094204e-02
   8.0308300e+00  -3.4082984e-02
   8.0408300e+00  -3.0052603e-02
   8.0508300e+00  -2.5179960e-02
   8.0608300e+00  -2.0325235e-02
   8.0708300e+00  -1.3729019e-02
   8.0808300e+00  -6.0741906e-03
   8.0908300e+00   1.9146873e-03
   8.1008300e+00   1.0981526e-02
   8.1108300e+00   1.8492289e-02
   8.1208300e+00   2.3087017e-02
   8.1308300e+00   2.6377718e-02
   8.1408300e+00   2.8803428e-02
   8.1508300e+00   3.2033006e-02
   8.1608300e+00   3.7522065e-02
   8.1708300e+00   4.2404011e-02
   8.1808300e+00   5.0545088e-02
   8.1908300e+00   5.9664136e-02
   8.2008300e+00   6.9022966e-02
   8.2108300e+00   7.7375739e-02
   8.2208300e+00   8.5420365e-02
   8.2308300e+00   9.3463617e-02
   8.2408300e+00   9.7287488e-02
   8.2508300e+00   1.0038812e-01
   8.2608300e+00   9.8216005e-02
   8.2708300e+00   9.3703214e-02
   8.2808300e+00   8.7161373e-02
   8.2908300e+00   7.6644707e-02
   8.3008300e+00   6.7919331e-02
   8.3108300e+00   5.6889372e-02
   8.3208300e+00   5.0035385e-02
   8.3308300e+00   3.9915911e-02
   8.3408300e+00   3.6803177e-02
   8.3508300e+00   3.5232442e-02
   8.3608300e+00   3.6366224e-02
   8.3708300e+00   4.4277493e-02
   8.3808300e+00   4.9514341e-02
   8.3908300e+00   6.3149365e-02
   8.4008300e+00   7.4253677e-02
   8.4108300e+00   9.3092467e-02
   8.4208300e+00   1.0273409e-01
   8.4308300e+00   1.1686854e-01
   8.4408300e+00   1.2782693e-01
   8.4508300e+00   1.3661938e-01
   8.4608300e+00   1.4299116e-01
   8.4708300e+00   1.4549544e-01
   8.4808300e+00   1.4732343e-01
   8.4908300e+00   1.4536567e-01
   8.5008300e+00   1.4054537e-01
   8.5108300e+00   1.3463882e-01
   8.5208300e+00   1.2445377e-01
   8.5308300e+00   1.1981841e-01
   8.5408300e+00   1.0303912e-01
   8.5508300e+00   9.5036979e-02
   8.5608300e+00   8.3087282e-02
   8.5708300e+00   7.3135046e-02
   8.5808300e+00   6.0601716e-02
   8.5908300e+00   5.0030555e-02
   8.6008300e+00   4.1505633e-02
   8.6108300e+00   2.9545333e-02
   8.6208300e+00   2.3064520e-02
   8.6308300e+00   1.3366037e-02
   8.6408300e+00   7.9304375e-03
   8.6508300e+00   4.8056713e-04
   8.6608300e+00  -2.7807910e-03
   8.6708300e+00  -8.1780761e-03
   8.6808300e+00  -1.3012498e-02
   8.6908300e+00  -1.6711507e-02
   8.7008300e+00  -2.1590770e-02
   8.7108300e+00  -2.6149908e-02
   8.7208300e+00  -3.4371556e-02
   8.7308300e+00  -3.8304826e-02
   8.7408300e+00  -4.6994716e-02
   8.7508300e+00  -5.4023234e-02
   8.7608300e+00  -5.8531737e-02
   8.7708300e+00  -6.2935263e-02
   8.7808300e+00  -6.6710648e-02
   8.7908300e+00  -7.0686063e-02
   8.8008300e+00  -7.1538370e-02
   8.8108300e+00  -7.2174133e-02
   8.8208300e+00  -7.1262019e-02
   8.8308300e+00  -6.7671444e-02
   8.8408300e+00  -6.3906059e-02
   8.8508300e+00  -6.2406330e-02
   8.8608300e+00  -6.1252948e-02
   8.8708300e+00  -6.0963390e-02
   8.8808300e+00  -6.0622412e-02
   8.8908300e+00  -6.1423089e-02
   8.9008300e+00  -6.4142084e-02
   8.9108300e+00  -6.7330653e-02
   8.9208300e+00  -6.9930085e-02
   8.9308300e+00  -7.7382246e-02
   8.9408300e+00  -8.0673817e-02
   8.9508300e+00  -8.6916028e-02
   8.9608300e+00  -9.2285258e-02
   8.9708300e+00  -9.4885686e-02
   8.9808300e+00  -9.9211980e-02
   8.9908300e+00  -1.0171414e-01
   9.0008300e+00  -1.0271103e-01
   9.0108300e+00  -1.0282594e-01
   9.0208300e+00  -1.0240650e-01
   9.0308300e+00  -1.0039077e-01
   9.0408300e+00  -9.9796846e-02
   9.0508300e+00  -9.6148928e-02
   9.0608300e+00  -9.3379912e-02
   9.0708300e+00  -8.9137375e-02
   9.0808300e+00  -8.4513515e-02
   9.0908300e+00  -8.0737524e-02
   9.1008300e+00  -7.2486644e-02
   9.1108300e+00  -6.7918670e-02
   9.1208300e+00  -6.3203729e-02
   9.1308300e+00  -5.7319906e-02
   9.1408300e+00  -5.4001561e-02
   9.1508300e+00  -4.7450656e-02
   9.1608300e+00  -4.4146219e-02
   9.1708300e+00  -4.0877927e-02
   9.1808300e+00  -3.7261614e-02
   9.1908300e+00  -3.5903375e-02
   9.2008300e+00  -3.2661096e-02
   9.2108300e+00  -3.0543026e-02
   9.2208300e+00  -2.8516410e-02
   9.2308300e+00  -2.6182445e-02
   9.2408300e+00  -2.4542766e-02
   9.2508300e+00  -2.1725659e-02
   9.2608300e+00  -2.0286006e-02
   9.2708300e+00  -1.9382778e-02
   9.2808300e+00  -2.0364610e-02
   9.2908300e+00  -2.0574230e-02
   9.3008300e+00  -2.2201481e-02
   9.3108300e+00  -2.3743803e-02
   9.3208300e+00  -2.5160976e-02
   9.3308300e+00  -2.7902228e-02
   9.3408300e+00  -2.9635613e-02
   9.3508300e+00  -3.0588475e-02
   9.3608300e+00  -3.1130090e-02
   9.3708300e+00  -3.2013760e-02
   9.3808300e+00  -3.1068343e-02
   9.3908300e+00  -2.9919965e-02
   9.4008300e+00  -2.6817229e-02
   9.4108300e+00  -2.0754780e-02
   9.4208300e+00  -1.7282854e-02
   9.4308300e+00  -8.6914246e-03
   9.4408300e+00   9.1230508e-04
   9.4508300e+00   6.2617302e-03
   9.4608300e+00   1.5689088e-02
   9.4708300e+00   2.2561390e-02
   9.4808300e+00   2.6873456e-02
   9.4908300e+00   3.3084751e-02
   9.5008300e+00   3.6289175e-02
   9.5108300e+00   3.7313187e-02
   9.5208300e+00   3.8381924e-02
   9.5308300e+00   3.8770160e-02
   9.5408300e+00   3.4466934e-02
   9.5508300e+00   3.0919339e-02
   9.5608300e+00   2.8440379e-02
   9.5708300e+00   1.9706417e-02
   9.5808300e+00   1.5096833e-02
   9.5908300e+00   1.2176240e-02
   9.6008300e+00   6.9617333e-03
   9.6108300e+00   4.3816129e-03
   9.6208300e+00   2.4733233e-03
   9.6308300e+00   2.1226251e-03
   9.6408300e+00   2.0073624e-03
   9.6508300e+00   4.0221202e-03
   9.6608300e+00   8.0686957e-03
   9.6708300e+00   1.1633876e-02
   9.6808300e+00   1.8855537e-02
   9.6908300e+00   2.4798789e-02
   9.7008300e+00   2.9824423e-02
   9.7108300e+00   3.7812410e-02
   9.7208300e+00   4.2730424e-02
   9.7308300e+00   4.5412012e-02
   9.7408300e+00   4.7341407e-02
   9.7508300e+00   4.7809353e-02
   9.7608300e+00   4.4813999e-02
   9.7708300e+00   3.9358679e-02
   9.7808300e+00   3.5880277e-02
   9.7908300e+00   2.7892100e-02
   9.8008300e+00   1.7823845e-02
   9.8108300e+00   1.2210414e-02
   9.8208300e+00   6.9375229e-04
   9.8308300e+00  -1.1706438e-02
   9.8408300e+00  -1.7776416e-02
   9.8508300e+00  -2.8828628e-02
   9.8608300e+00  -4.0956742e-02
   9.8708300e+00  -4.5761127e-02
   9.8808300e+00  -5.3951800e-02
   9.8908300e+00  -6.1571957e-02
   9.9008300e+00  -6.4300202e-02
   9.9108300e+00  -6.8479410e-02
   9.9208300e+00  -7.0582702e-02
   9.9308300e+00  -7.1325676e-02
   9.9408300e+00  -6.7165123e-02
   9.9508300e+00  -6.3874683e-02
   9.9608300e+00  -6.0906539e-02
   9.9708300e+00  -4.9914592e-02
   9.9808300e+00  -4.1968613e-02
   9.9908300e+00  -3.5362253e-02
   1.0000830e+01  -1.9527040e-02
   1.0010830e+01  -8.3975750e-03
   1.0020830e+01  -1.0950300e-04
   1.0030830e+01   1.7941849e-02
   1.0040830e+01   3.0403745e-02
   1.0050830e+01   3.8309201e-02
   1.0060830e+01   5.2448328e-02
   1.0070830e+01   6.2676496e-02
   1.0080830e+01   6.7857832e-02
   1.0090830e+01   7.6223299e-02
   1.0100830e+01   8.3739632e-02
   1.0110830e+01   8.6556452e-02
   1.0120830e+01   8.9040611e-02
   1.0130830e+01   9.1729365e-02
   1.0140830e+01   9.2220101e-02
   1.0150830e+01   8.8774921e-02
   1.0160830e+01   8.4948162e-02
   1.0170830e+01   8.2795440e-02
   1.0180830e+01   7.7778772e-02
   1.0190830e+01   7.1047924e-02
   1.0200830e+01   6.7595597e-02
   1.0210830e+01   6.4150963e-02
   1.0220830e+01   5.9992282e-02
   1.0230830e+01   5.7964191e-02
   1.0240830e+01   5.4829230e-02
   1.0250830e+01   5.0639925e-02
   1.0260830e+01   4.8863948e-02
   1.0270830e+01   4.8088015e-02
   1.0280830e+01   4.7364837e-02
   1.0290830e+01   4.7502397e-02
   1.0300830e+01   4.9279159e-02
   1.0310830e+01   5.3245793e-02
   1.0320830e+01   5.6010618e-02
   1.0330830e+01   5.7187850e-02
   1.0340830e+01   5.9873786e-02
   1.0350830e+01   6.2279862e-02
   1.0360830e+01   6.1981512e-02
   1.0370830e+01   5.7378617e-02
   1.0380830e+01   5.0617399e-02
   1.0390830e+01   4.7692510e-02
   1.0400830e+01   4.1836438e-02
   1.0410830e+01   3.1203242e-02
   1.0420830e+01   2.5256351e-02
   1.0430830e+01   1.7980999e-02
   1.0440830e+01   5.7941648e-03
   1.0450830e+01  -2.5302269e-03
   1.0460830e+01  -7.7787038e-03
   1.0470830e+01  -1.5882420e-02
   1.0480830e+01  -2.2689087e-02
   1.0490830e+01  -2.4816951e-02
   1.0500830e+01  -2.4242035e-02
   1.0510830e+01  -2.2893211e-02
   1.0520830e+01  -2.1834242e-02
   1.0530830e+01  -1.7408037e-02
   1.0540830e+01  -7.8813914e-03
   1.0550830e+01  -1.4479160e-03
   1.0560830e+01   4.1284781e-03
   1.0570830e+01   1.4670275e-02
   1.0580830e+01   2.4412350e-02
   1.0590830e+01   3.0278300e-02
   1.0600830e+01   3.9043822e-02
   1.0610830e+01   4.9591231e-02
   1.0620830e+01   5.5351717e-02
   1.0630830e+01   6.0506820e-02
   1.0640830e+01   6.3985713e-02
   1.0650830e+01   6.5938518e-02
   1.0660830e+01   6.6740387e-02
   1.0670830e+01   6.4463974e-02
   1.0680830e+01   6.0891907e-02
   1.0690830e+01   5.7878428e-02
   1.0700830e+01   5.1129138e-02
   1.0710830e+01   3.8695805e-02
   1.0720830e+01   3.0653283e-02
   1.0730830e+01   2.4437529e-02
   1.0740830e+01   1.2227075e-02
   1.0750830e+01   1.7899346e-04
   1.0760830e+01  -5.8899139e-03
   1.0770830e+01  -1.2907042e-02
   1.0780830e+01  -1.9918556e-02
   1.0790830e+01  -2.4287849e-02
   1.0800830e+01  -2.7796011e-02
   1.0810830e+01  -2.8984900e-02
   1.0820830e+01  -3.0332352e-02
   1.0830830e+01  -3.0160316e-02
   1.0840830e+01  -2.7763897e-02
   1.0850830e+01  -2.3413911e-02
   1.0860830e+01  -2.0569029e-02
   1.0870830e+01  -1.8133543e-02
   1.0880830e+01  -1.2505255e-02
   1.0890830e+01  -6.1593284e-03
   1.0900830e+01  -3.0594807e-03
   1.0910830e+01   1.2641083e-03
   1.0920830e+01   7.8405890e-03
   1.0930830e+01   1.3091837e-02
   1.0940830e+01   1.6389110e-02
   1.0950830e+01   1.8375530e-02
   1.0960830e+01   2.1392047e-02
   1.0970830e+01   2.3025063e-02
   1.0980830e+01   2.3396140e-02
   1.0990830e+01   2.2259535e-02
   1.1000830e+01   2.0464677e-02
   1.1010830e+01   1.8844785e-02
   1.1020830e+01   1.5855051e-02
   1.1030830e+01   1.0042830e-02
   1.1040830e+01   6.4775153e-03
   1.1050830e+01   2.6522901e-03
   1.1060830e+01  -3.7159982e-03
   1.1070830e+01  -1.0153207e-02
   1.1080830e+01  -1.3906200e-02
   1.1090830e+01  -1.7514080e-02
   1.1100830e+01  -2.2397549e-02
   1.1110830e+01  -2.6584549e-02
   1.1120830e+01  -2.8870096e-02
   1.1130830e+01  -3.1967536e-02
   1.1140830e+01  -3.7074084e-02
   1.1150830e+01  -3.9678588e-02
   1.1160830e+01  -4.1887389e-02
   1.1170830e+01  -4.4302480e-02
   1.1180830e+01  -4.7494488e-02
   1.1190830e+01  -4.9858259e-02
   1.1200830e+01  -5.1916969e-02
   1.1210830e+01  -5.5167381e-02
   1.1220830e+01  -5.8882111e-02
   1.1230830e+01  -6.0064991e-02
   1.1240830e+01  -6.1607764e-02
   1.1250830e+01  -6.2529003e-02
   1.1260830e+01  -6.3615654e-02
   1.1270830e+01  -6.4415767e-02
   1.1280830e+01  -6.3600052e-02
   1.1290830e+01  -6.1434092e-02
   1.1300830e+01  -5.9225821e-02
   1.1310830e+01  -5.7752068e-02
   1.1320830e+01  -5.6050706e-02
   1.1330830e+01  -5.1640087e-02
   1.1340830e+01  -4.9626664e-02
   1.1350830e+01  -4.6928063e-02
   1.1360830e+01  -4.3421065e-02
   1.1370830e+01  -3.9460737e-02
   1.1380830e+01  -3.6558450e-02
   1.1390830e+01  -3.5402530e-02
   1.1400830e+01  -3.4636690e-02
   1.1410830e+01  -3.3474000e-02
   1.1420830e+01  -3.2517478e-02
   1.1430830e+01  -3.1977879e-02
   1.1440830e+01  -3.3020871e-02
   1.1450830e+01  -3.4396007e-02
   1.1460830e+01  -3.5513782e-02
   1.1470830e+01  -3.6303757e-02
   1.1480830e+01  -3.6889550e-02
   1.1490830e+01  -3.8838037e-02
   1.1500830e+01  -3.9850210e-02
   1.1510830e+01  -4.0880186e-02
   1.1520830e+01  -4.2459124e-02
   1.1530830e+01  -4.4088363e-02
   1.1540830e+01  -4.5513319e-02
   1.1550830e+01  -4.6868727e-02
   1.1560830e+01  -4.8349409e-02
   1.1570830e+01  -5.0558104e-02
   1.1580830e+01  -5.1471730e-02
   1.1590830e+01  -5.2866650e-02
   1.1600830e+01  -5.5798528e-02
   1.1610830e+01  -5.8347665e-02
   1.1620830e+01  -5.9510697e-02
   1.1630830e+01  -6.0605147e-02
   1.1640830e+01  -6.0906871e-02
   1.1650830e+01  -6.1747970e-02
   1.1660830e+01  -6.2274953e-02
   1.1670830e+01  -6.2070338e-02
   1.1680830e+01  -6.1394710e-02
   1.1690830e+01  -6.0879523e-02
   1.1700830e+01  -6.0759867e-02
   1.1710830e+01  -5.9185508e-02
   1.1720830e+01  -5.5761617e-02
   1.1730830e+01  -5.1963831e-02
   1.1740830e+01  -4.9271754e-02
   1.1750830e+01  -4.7016704e-02
   1.1760830e+01  -4.3785708e-02
   1.1770830e+01  -3.8907901e-02
   1.1780830e+01  -3.4747731e-02
   1.1790830e+01  -3.1065922e-02
   1.1800830e+01  -2.6391066e-02
   1.1810830e+01  -1.9258131e-02
   1.1820830e+01  -1.2890914e-02
   1.1830830e+01  -1.0307986e-02
   1.1840830e+01  -8.2555756e-03
   1.1850830e+01  -4.3942311e-03
   1.1860830e+01  -3.2669915e-04
   1.1870830e+01   2.4147571e-03
   1.1880830e+01   4.5123412e-03
   1.1890830e+01   6.2852538e-03
   1.1900830e+01   7.1046378e-03
   1.1910830e+01   8.0147218e-03
   1.1920830e+01   8.8777588e-03
   1.1930830e+01   8.8004538e-03
   1.1940830e+01   7.8381756e-03
   1.1950830e+01   6.4224650e-03
   1.1960830e+01   4.7635941e-03
   1.1970830e+01   1.3846025e-03
   1.1980830e+01  -4.1045167e-03
   1.1990830e+01  -7.3113867e-03
   1.2000830e+01  -9.7865325e-03
   1.2010830e+01  -1.2265332e-02
   1.2020830e+01  -1.4835818e-02
   1.2030830e+01  -1.8897485e-02
   1.2040830e+01  -2.0910484e-02
   1.2050830e+01  -2.2477341e-02
   1.2060830e+01  -2.3372865e-02
   1.2070830e+01  -2.3928114e-02
   1.2080830e+01  -2.4681541e-02
   1.2090830e+01  -2.4702202e-02
   1.2100830e+01  -2.4427082e-02
   1.2110830e+01  -2.3622380e-02
   1.2120830e+01  -2.2576108e-02
   1.2130830e+01  -2.1209700e-02
   1.2140830e+01  -1.9043701e-02
   1.2150830e+01  -1.6039602e-02
   1.2160830e+01  -1.2630124e-02
   1.2170830e+01  -1.0872019e-02
   1.2180830e+01  -1.0051877e-02
   1.2190830e+01  -9.1573777e-03
   1.2200830e+01  -8.0656421e-03
   1.2210830e+01  -7.3604582e-03
   1.2220830e+01  -6.9043691e-03
   1.2230830e+01  -7.6712385e-03
   1.2240830e+01  -1.0293411e-02
   1.2250830e+01  -1.4406035e-02
   1.2260830e+01  -1.5309287e-02
   1.2270830e+01  -1.6083043e-02
   1.2280830e+01  -1.7303264e-02
   1.2290830e+01  -1.9739173e-02
   1.2300830e+01  -2.3119969e-02
   1.2310830e+01  -2.4928099e-02
   1.2320830e+01  -2.6493522e-02
   1.2330830e+01  -2.7996581e-02
   1.2340830e+01  -2.9460916e-02
   1.2350830e+01  -3.0939744e-02
   1.2360830e+01  -3.2504645e-02
   1.2370830e+01  -3.3827226e-02
   1.2380830e+01  -3.4287323e-02
   1.2390830e+01  -3.4414064e-02
   1.2400830e+01  -3.4345840e-02
   1.2410830e+01  -3.3946303e-02
   1.2420830e+01  -3.2455981e-02
   1.2430830e+01  -2.9465053e-02
   1.2440830e+01  -2.7149333e-02
   1.2450830e+01  -2.5251144e-02
   1.2460830e+01  -2.2742831e-02
   1.2470830e+01  -1.8865231e-02
   1.2480830e+01  -1.4036260e-02
   1.2490830e+01  -1.0854557e-02
   1.2500830e+01  -8.7576272e-03
   1.2510830e+01  -6.5389408e-03
   1.2520830e+01  -4.0605408e-03
   1.2530830e+01  -1.9563376e-03
   1.2540830e+01  -3.7447520e-04
   1.2550830e+01  -3.1241905e-04
   1.2560830e+01  -2.4071128e-03
   1.2570830e+01  -4.5247128e-03
   1.2580830e+01  -5.8656929e-03
   1.2590830e+01  -7.2935635e-03
   1.2600830e+01  -9.0315000e-03
   1.2610830e+01  -1.1224944e-02
   1.2620830e+01  -1.5169389e-02
   1.2630830e+01  -1.7426536e-02
   1.2640830e+01  -1.8664340e-02
   1.2650830e+01  -1.9186898e-02
   1.2660830e+01  -1.9220135e-02
   1.2670830e+01  -2.0530372e-02
   1.2680830e+01  -2.0941252e-02
   1.2690830e+01  -2.0893248e-02
   1.2700830e+01  -2.0637205e-02
   1.2710830e+01  -2.0243504e-02
   1.2720830e+01  -1.8441314e-02
   1.2730830e+01  -1.7483022e-02
   1.2740830e+01  -1.6784482e-02
   1.2750830e+01  -1.5725354e-02
   1.2760830e+01  -1.3900944e-02
   1.2770830e+01  -1.1825890e-02
   1.2780830e+01  -9.7916641e-03
   1.2790830e+01  -8.0428250e-03
   1.2800830e+01  -6.7676203e-03
   1.2810830e+01  -3.3598078e-03
   1.2820830e+01  -9.4343594e-04
   1.2830830e+01   1.2276656e-03
   1.2840830e+01   3.2994461e-03
   1.2850830e+01   4.4221023e-03
   1.2860830e+01   6.9201000e-03
   1.2870830e+01   8.9794473e-03
   1.2880830e+01   1.0729130e-02
   1.2890830e+01   1.2668600e-02
   1.2900830e+01   1.6008135e-02
   1.2910830e+01   1.7907630e-02
   1.2920830e+01   1.9039734e-02
   1.2930830e+01   1.9904592e-02
   1.2940830e+01   2.1127669e-02
   1.2950830e+01   2.3853951e-02
   1.2960830e+01   2.6979889e-02
   1.2970830e+01   2.9841609e-02
   1.2980830e+01   3.1705950e-02
   1.2990830e+01   3.3532371e-02
   1.3000830e+01   3.5398505e-02
   1.3010830e+01   3.8329545e-02
   1.3020830e+01   4.2681062e-02
   1.3030830e+01   4.5111831e-02
   1.3040830e+01   4.7745809e-02
   1.3050830e+01   5.0447274e-02
   1.3060830e+01   5.3194068e-02
   1.3070830e+01   5.6074221e-02
   1.3080830e+01   5.7494264e-02
   1.3090830e+01   5.8135899e-02
   1.3100830e+01   5.8245249e-02
   1.3110830e+01   5.8094104e-02
   1.3120830e+01   5.8098552e-02
   1.3130830e+01   5.7862847e-02
   1.3140830e+01   5.6984903e-02
   1.3150830e+01   5.5038851e-02
   1.3160830e+01   5.1335063e-02
   1.3170830e+01   4.6674809e-02
   1.3180830e+01   4.2262784e-02
   1.3190830e+01   3.8872339e-02
   1.3200830e+01   3.4576127e-02
   1.3210830e+01   2.9998475e-02
   1.3220830e+01   2.4824207e-02
   1.3230830e+01   1.9168427e-02
   1.3240830e+01   1.5250245e-02
   1.3250830e+01   1.2851073e-02
   1.3260830e+01   1.1476266e-02
   1.3270830e+01   1.0712700e-02
   1.3280830e+01   9.1841286e-03
   1.3290830e+01   8.0757737e-03
   1.3300830e+01   8.1335158e-03
   1.3310830e+01   9.4632489e-03
   1.3320830e+01   1.1318136e-02
   1.3330830e+01   1.4032480e-02
   1.3340830e+01   1.6816148e-02
   1.3350830e+01   1.9691589e-02
   1.3360830e+01   2.3940461e-02
   1.3370830e+01   2.8146566e-02
   1.3380830e+01   3.3662598e-02
   1.3390830e+01   4.0224348e-02
   1.3400830e+01   4.4240766e-02
   1.3410830e+01   4.7074856e-02
   1.3420830e+01   4.9789187e-02
   1.3430830e+01   5.2949312e-02
   1.3440830e+01   5.8058267e-02
   1.3450830e+01   6.1570458e-02
   1.3460830e+01   6.4089513e-02
   1.3470830e+01   6.5872981e-02
   1.3480830e+01   6.7113722e-02
   1.3490830e+01   6.7510642e-02
   1.3500830e+01   6.7415078e-02
   1.3510830e+01   6.6987475e-02
   1.3520830e+01   6.5533401e-02
   1.3530830e+01   6.3459979e-02
   1.3540830e+01   6.0093580e-02
   1.3550830e+01   5.4686913e-02
   1.3560830e+01   5.1121251e-02
   1.3570830e+01   4.7722486e-02
   1.3580830e+01   4.4464901e-02
   1.3590830e+01   4.1365636e-02
   1.3600830e+01   3.5348128e-02
   1.3610830e+01   3.0565971e-02
   1.3620830e+01   2.7011688e-02
   1.3630830e+01   2.3476394e-02
   1.3640830e+01   2.0426813e-02
   1.3650830e+01   1.7348423e-02
   1.3660830e+01   1.4274547e-02
   1.3670830e+01   1.2464328e-02
   1.3680830e+01   1.1170388e-02
   1.3690830e+01   1.0414652e-02
   1.3700830e+01   1.0249358e-02
   1.3710830e+01   1.0701912e-02
   1.3720830e+01   1.1342057e-02
   1.3730830e+01   1.2119837e-02
   1.3740830e+01   1.2978533e-02
   1.3750830e+01   1.3828583e-02
   1.3760830e+01   1.4814107e-02
   1.3770830e+01   1.5913223e-02
   1.3780830e+01   1.6907384e-02
   1.3790830e+01   1.8121078e-02
   1.3800830e+01   1.8866484e-02
   1.3810830e+01   1.8748761e-02
   1.3820830e+01   1.9002384e-02
   1.3830830e+01   1.9015836e-02
   1.3840830e+01   1.8769501e-02
   1.3850830e+01   1.8166623e-02
   1.3860830e+01   1.6532092e-02
   1.3870830e+01   1.4820881e-02
   1.3880830e+01   1.3200763e-02
   1.3890830e+01   1.1342490e-02
   1.3900830e+01   9.6861338e-03
   1.3910830e+01   8.3287115e-03
   1.3920830e+01   7.4531719e-03
   1.3930830e+01   6.3523381e-03
   1.3940830e+01   4.5147676e-03
   1.3950830e+01   2.2167300e-03
   1.3960830e+01   1.1695871e-03
   1.3970830e+01   7.6800786e-04
   1.3980830e+01   6.5029209e-04
   1.3990830e+01   6.3014820e-04
   1.4000830e+01  -4.8441357e-04
   1.4010830e+01  -1.2784343e-03
   1.4020830e+01  -1.7117664e-03
   1.4030830e+01  -1.9339093e-03
   1.4040830e+01  -2.0826894e-03
   1.4050830e+01  -1.5009029e-03
   1.4060830e+01   4.9338286e-04
   1.4070830e+01   1.9140106e-03
   1.4080830e+01   3.1702972e-03
   1.4090830e+01   4.3806262e-03
   1.4100830e+01   6.1118319e-03
   1.4110830e+01   8.2917610e-03
   1.4120830e+01   1.0784491e-02
   1.4130830e+01   1.3574562e-02
   1.4140830e+01   1.4675034e-02
   1.4150830e+01   1.5710929e-02
   1.4160830e+01   1.6883944e-02
   1.4170830e+01   1.7335717e-02
   1.4180830e+01   1.7463944e-02
   1.4190830e+01   1.7521052e-02
   1.4200830e+01   1.7956263e-02
   1.4210830e+01   1.7211856e-02
   1.4220830e+01   1.6260318e-02
   1.4230830e+01   1.5441304e-02
   1.4240830e+01   1.2281250e-02
   1.4250830e+01   1.0158829e-02
   1.4260830e+01   9.0099338e-03
   1.4270830e+01   8.0535958e-03
   1.4280830e+01   7.1745846e-03
   1.4290830e+01   5.8632343e-03
   1.4300830e+01   3.2443531e-03
   1.4310830e+01   1.2289601e-03
   1.4320830e+01  -6.2993636e-04
   1.4330830e+01  -2.4362301e-03
   1.4340830e+01  -4.5330629e-03
   1.4350830e+01  -6.1850625e-03
   1.4360830e+01  -7.5039175e-03
   1.4370830e+01  -9.2409804e-03
   1.4380830e+01  -1.0771297e-02
   1.4390830e+01  -1.1988222e-02
   1.4400830e+01  -1.2504194e-02
   1.4410830e+01  -1.3064772e-02
   1.4420830e+01  -1.4084373e-02
   1.4430830e+01  -1.5923956e-02
   1.4440830e+01  -1.6667690e-02
   1.4450830e+01  -1.7173372e-02
   1.4460830e+01  -1.7519791e-02
   1.4470830e+01  -1.7684619e-02
   1.4480830e+01  -1.7525402e-02
   1.4490830e+01  -1.7142136e-02
   1.4500830e+01  -1.6872481e-02
   1.4510830e+01  -1.6566085e-02
   1.4520830e+01  -1.6165433e-02
   1.4530830e+01  -1.5510638e-02
   1.4540830e+01  -1.5452628e-02
   1.4550830e+01  -1.5520862e-02
   1.4560830e+01  -1.5486379e-02
   1.4570830e+01  -1.4901395e-02
   1.4580830e+01  -1.4613118e-02
   1.4590830e+01  -1.4860379e-02
   1.4600830e+01  -1.4935968e-02
   1.4610830e+01  -1.5114523e-02
   1.4620830e+01  -1.5396440e-02
   1.4630830e+01  -1.5349180e-02
   1.4640830e+01  -1.5332925e-02
   1.4650830e+01  -1.5350069e-02
   1.4660830e+01  -1.5448029e-02
   1.4670830e+01  -1.5355721e-02
   1.4680830e+01  -1.5295459e-02
   1.4690830e+01  -1.5849881e-02
   1.4700830e+01  -1.6610927e-02
   1.4710830e+01  -1.6992288e-02
   1.4720830e+01  -1.5931744e-02
   1.4730830e+01  -1.5898185e-02
   1.4740830e+01  -1.6617502e-02
   1.4750830e+01  -1.8374934e-02
   1.4760830e+01  -1.9375752e-02
   1.4770830e+01  -2.0079474e-02
   1.4780830e+01  -2.0536906e-02
   1.4790830e+01  -2.0797914e-02
   1.4800830e+01  -2.1615597e-02
   1.4810830e+01  -2.3337219e-02
   1.4820830e+01  -2.4349415e-02
   1.4830830e+01  -2.5226719e-02
   1.4840830e+01  -2.6015908e-02
   1.4850830e+01  -2.7686532e-02
   1.4860830e+01  -2.8790949e-02
   1.4870830e+01  -2.9188246e-02
   1.4880830e+01  -2.9987997e-02
   1.4890830e+01  -3.0727542e-02
   1.4900830e+01  -3.1398581e-02
   1.4910830e+01  -3.2258984e-02
   1.4920830e+01  -3.2897660e-02
   1.4930830e+01  -3.3337750e-02
   1.4940830e+01  -3.4283387e-02
   1.4950830e+01  -3.4663883e-02
   1.4960830e+01  -3.4550342e-02
   1.4970830e+01  -3.4469805e-02
   1.4980830e+01  -3.4356980e-02
   1.4990830e+01  -3.4232517e-02
   1.5000830e+01  -3.4453851e-02
   1.5010830e+01  -3.4839532e-02
   1.5020830e+01  -3.5338248e-02
   1.5030830e+01  -3.5274248e-02
   1.5040830e+01  -3.5158336e-02
   1.5050830e+01  -3.5000898e-02
   1.5060830e+01  -3.4906898e-02
   1.5070830e+01  -3.4140097e-02
   1.5080830e+01  -3.2803241e-02
   1.5090830e+01  -3.2291983e-02
   1.5100830e+01  -3.1757962e-02
   1.5110830e+01  -3.1202661e-02
   1.5120830e+01  -3.0756303e-02
   1.5130830e+01  -3.0052345e-02
   1.5140830e+01  -2.9083471e-02
   1.5150830e+01  -2.7357491e-02
   1.5160830e+01  -2.6507282e-02
   1.5170830e+01  -2.6647414e-02
   1.5180830e+01  -2.5635168e-02
   1.5190830e+01  -2.4704107e-02
   1.5200830e+01  -2.3953775e-02
   1.5210830e+01  -2.2339045e-02
   1.5220830e+01  -2.0633467e-02
   1.5230830e+01  -1.8900133e-02
   1.5240830e+01  -1.7554864e-02
   1.5250830e+01  -1.6031721e-02
   1.5260830e+01  -1.4079089e-02
   1.5270830e+01  -1.3542300e-02
   1.5280830e+01  -1.2578398e-02
   1.5290830e+01  -9.9790516e-03
   1.5300830e+01  -7.3574752e-03
   1.5310830e+01  -4.9849176e-03
   1.5320830e+01  -3.4084471e-03
   1.5330830e+01  -2.2243595e-03
   1.5340830e+01  -1.1898431e-03
   1.5350830e+01  -1.1794771e-04
   1.5360830e+01   1.2992240e-03
   1.5370830e+01   2.7786552e-03
   1.5380830e+01   3.3065773e-03
   1.5390830e+01   3.2455000e-03
   1.5400830e+01   2.7594286e-03
   1.5410830e+01   2.6815065e-03
   1.5420830e+01   2.2527221e-03
   1.5430830e+01   1.4631117e-03
   1.5440830e+01   2.0628377e-04
   1.5450830e+01  -9.9822727e-04
   1.5460830e+01  -2.0956299e-03
   1.5470830e+01  -3.2544387e-03
   1.5480830e+01  -4.1939968e-03
   1.5490830e+01  -4.6552871e-03
   1.5500830e+01  -5.7230084e-03
   1.5510830e+01  -6.8689684e-03
   1.5520830e+01  -7.6670329e-03
   1.5530830e+01  -8.0013787e-03
   1.5540830e+01  -8.0968423e-03
   1.5550830e+01  -8.0955603e-03
   1.5560830e+01  -8.6445606e-03
   1.5570830e+01  -9.6144917e-03
   1.5580830e+01  -1.0113851e-02
   1.5590830e+01  -1.0209285e-02
   1.5600830e+01  -9.8169769e-03
   1.5610830e+01  -1.0222072e-02
   1.5620830e+01  -1.0570302e-02
   1.5630830e+01  -1.0613251e-02
   1.5640830e+01  -1.0753320e-02
   1.5650830e+01  -1.0899024e-02
   1.5660830e+01  -1.0960171e-02
   1.5670830e+01  -1.0737165e-02
   1.5680830e+01  -1.0360404e-02
   1.5690830e+01  -1.0027920e-02
   1.5700830e+01  -9.7127535e-03
   1.5710830e+01  -9.4140274e-03
   1.5720830e+01  -8.7320949e-03
   1.5730830e+01  -8.2063720e-03
   1.5740830e+01  -7.9821682e-03
   1.5750830e+01  -7.9344424e-03
   1.5760830e+01  -7.9415108e-03
   1.5770830e+01  -7.9886446e-03
   1.5780830e+01  -7.9558184e-03
   1.5790830e+01  -7.8617437e-03
   1.5800830e+01  -7.5294652e-03
   1.5810830e+01  -7.7507196e-03
   1.5820830e+01  -8.5412259e-03
   1.5830830e+01  -7.9194715e-03
   1.5840830e+01  -7.3241057e-03
   1.5850830e+01  -7.0511497e-03
   1.5860830e+01  -6.1321930e-03
   1.5870830e+01  -5.0334006e-03
   1.5880830e+01  -4.1585579e-03
   1.5890830e+01  -3.8617604e-03
   1.5900830e+01  -3.9957226e-03
   1.5910830e+01  -3.6078912e-03
   1.5920830e+01  -3.3561245e-03
   1.5930830e+01  -3.3284516e-03
   1.5940830e+01  -3.1204824e-03
   1.5950830e+01  -2.9113500e-03
   1.5960830e+01  -2.8613500e-03
   1.5970830e+01  -2.9206491e-03
   1.5980830e+01  -3.0475956e-03
   1.5990830e+01  -3.1169706e-03
   1.6000830e+01  -3.1580575e-03
   1.6010830e+01  -3.1605575e-03
   1.6020830e+01  -3.7566462e-03
   1.6030830e+01  -4.2425429e-03
   1.6040830e+01  -3.8996857e-03
   1.6050830e+01  -3.5781194e-03
   1.6060830e+01  -3.2709640e-03
   1.6070830e+01  -3.0374236e-03
   1.6080830e+01  -2.8604706e-03
   1.6090830e+01  -2.7673456e-03
   1.6100830e+01  -2.2243068e-03
   1.6110830e+01  -1.5368815e-03
   1.6120830e+01  -7.0725185e-04
   1.6130830e+01   6.8742236e-05
   1.6140830e+01   8.0476708e-04
   1.6150830e+01   1.3320422e-03
   1.6160830e+01   1.8954889e-03
   1.6170830e+01   2.5399333e-03
   1.6180830e+01   3.9121168e-03
   1.6190830e+01   5.4584722e-03
   1.6200830e+01   6.3566204e-03
   1.6210830e+01   7.0113414e-03
   1.6220830e+01   7.4255389e-03
   1.6230830e+01   7.6305564e-03
   1.6240830e+01   8.1370340e-03
   1.6250830e+01   9.6154290e-03
   1.6260830e+01   1.1221285e-02
   1.6270830e+01   1.2899635e-02
   1.6280830e+01   1.4111364e-02
   1.6290830e+01   1.4889781e-02
   1.6300830e+01   1.4970149e-02
   1.6310830e+01   1.5013098e-02
   1.6320830e+01   1.5215445e-02
   1.6330830e+01   1.6641825e-02
   1.6340830e+01   1.7955999e-02
   1.6350830e+01   1.9154779e-02
   1.6360830e+01   2.0170917e-02
   1.6370830e+01   2.1241537e-02
   1.6380830e+01   2.2611659e-02
   1.6390830e+01   2.3246988e-02
   1.6400830e+01   2.3356744e-02
   1.6410830e+01   2.3457875e-02
   1.6420830e+01   2.3563658e-02
   1.6430830e+01   2.3681341e-02
   1.6440830e+01   2.4023797e-02
   1.6450830e+01   2.4464675e-02
   1.6460830e+01   2.4233160e-02
   1.6470830e+01   2.4094330e-02
   1.6480830e+01   2.4111299e-02
   1.6490830e+01   2.4351857e-02
   1.6500830e+01   2.4631432e-02
   1.6510830e+01   2.4395675e-02
   1.6520830e+01   2.4125318e-02
   1.6530830e+01   2.3809655e-02
   1.6540830e+01   2.2906908e-02
   1.6550830e+01   2.1966087e-02
   1.6560830e+01   2.1983057e-02
   1.6570830e+01   2.1272812e-02
   1.6580830e+01   1.9752330e-02
   1.6590830e+01   1.8305802e-02
   1.6600830e+01   1.6927069e-02
   1.6610830e+01   1.5829478e-02
   1.6620830e+01   1.4941264e-02
   1.6630830e+01   1.4268373e-02
   1.6640830e+01   1.4169549e-02
   1.6650830e+01   1.4012175e-02
   1.6660830e+01   1.3024750e-02
   1.6670830e+01   1.2338860e-02
   1.6680830e+01   1.1950908e-02
   1.6690830e+01   1.1760774e-02
   1.6700830e+01   1.1741115e-02
   1.6710830e+01   1.2360277e-02
   1.6720830e+01   1.2675831e-02
   1.6730830e+01   1.2691400e-02
   1.6740830e+01   1.3833921e-02
   1.6750830e+01   1.5179807e-02
   1.6760830e+01   1.6400765e-02
   1.6770830e+01   1.7365212e-02
   1.6780830e+01   1.8055093e-02
   1.6790830e+01   1.9764976e-02
   1.6800830e+01   2.1485830e-02
   1.6810830e+01   2.1500711e-02
   1.6820830e+01   2.2003420e-02
   1.6830830e+01   2.3119491e-02
   1.6840830e+01   2.4186512e-02
   1.6850830e+01   2.5203649e-02
   1.6860830e+01   2.5837968e-02
   1.6870830e+01   2.5765436e-02
   1.6880830e+01   2.4601150e-02
   1.6890830e+01   2.4277125e-02
   1.6900830e+01   2.4261876e-02
   1.6910830e+01   2.2995604e-02
   1.6920830e+01   2.1866472e-02
   1.6930830e+01   2.1012034e-02
   1.6940830e+01   2.0782269e-02
   1.6950830e+01   2.0899328e-02
   1.6960830e+01   1.9613699e-02
   1.6970830e+01   1.8573778e-02
   1.6980830e+01   1.8509661e-02
   1.6990830e+01   1.7806665e-02
   1.7000830e+01   1.6587254e-02
   1.7010830e+01   1.5121475e-02
   1.7020830e+01   1.3707830e-02
   1.7030830e+01   1.2817830e-02
   1.7040830e+01   1.1969666e-02
   1.7050830e+01   1.1172019e-02
   1.7060830e+01   1.0875040e-02
   1.7070830e+01   1.0731982e-02
   1.7080830e+01   1.0359467e-02
   1.7090830e+01   9.7695771e-03
   1.7100830e+01   8.7442829e-03
   1.7110830e+01   7.6889971e-03
   1.7120830e+01   6.6163227e-03
   1.7130830e+01   6.8620380e-03
   1.7140830e+01   7.1886281e-03
   1.7150830e+01   7.3395053e-03
   1.7160830e+01   7.4779116e-03
   1.7170830e+01   7.6034930e-03
   1.7180830e+01   7.2043637e-03
   1.7190830e+01   6.6618622e-03
   1.7200830e+01   6.2787227e-03
   1.7210830e+01   5.8820227e-03
   1.7220830e+01   5.4593483e-03
   1.7230830e+01   5.1055376e-03
   1.7240830e+01   4.7933988e-03
   1.7250830e+01   4.7849209e-03
   1.7260830e+01   4.8535000e-03
   1.7270830e+01   5.1165058e-03
   1.7280830e+01   5.5166948e-03
   1.7290830e+01   6.0893692e-03
   1.7300830e+01   6.4481832e-03
   1.7310830e+01   6.7250618e-03
   1.7320830e+01   6.9611873e-03
   1.7330830e+01   7.1378718e-03
   1.7340830e+01   7.1487914e-03
   1.7350830e+01   7.6247000e-03
   1.7360830e+01   8.5247000e-03
   1.7370830e+01   8.8996793e-03
   1.7380830e+01   9.1185425e-03
   1.7390830e+01   8.9967034e-03
   1.7400830e+01   8.8716264e-03
   1.7410830e+01   8.7394425e-03
   1.7420830e+01   8.6889276e-03
   1.7430830e+01   8.6992724e-03
   1.7440830e+01   8.2299241e-03
   1.7450830e+01   7.6561514e-03
   1.7460830e+01   7.0018657e-03
   1.7470830e+01   6.4683115e-03
   1.7480830e+01   6.1660126e-03
   1.7490830e+01   6.0211909e-03
   1.7500830e+01   5.9800480e-03
   1.7510830e+01   5.9798491e-03
   1.7520830e+01   5.9774069e-03
   1.7530830e+01   5.8939783e-03
   1.7540830e+01   5.8482233e-03
   1.7550830e+01   5.8715187e-03
   1.7560830e+01   6.0060383e-03
   1.7570830e+01   6.2168954e-03
   1.7580830e+01   6.4914045e-03
   1.7590830e+01   6.7650824e-03
   1.7600830e+01   6.8986051e-03
   1.7610830e+01   6.9946892e-03
   1.7620830e+01   7.0123028e-03
   1.7630830e+01   7.0894153e-03
   1.7640830e+01   7.2127108e-03
   1.7650830e+01   7.4488650e-03
   1.7660830e+01   7.7144062e-03
   1.7670830e+01   8.0297472e-03
   1.7680830e+01   8.3672746e-03
   1.7690830e+01   8.7638847e-03
   1.7700830e+01   8.9649785e-03
   1.7710830e+01   8.9728881e-03
   1.7720830e+01   1.0148214e-02
   1.7730830e+01   1.1748779e-02
   1.7740830e+01   1.2979922e-02
   1.7750830e+01   1.4080728e-02
   1.7760830e+01   1.4695896e-02
   1.7770830e+01   1.5497843e-02
   1.7780830e+01   1.6565258e-02
   1.7790830e+01   1.6961292e-02
   1.7800830e+01   1.6968071e-02
   1.7810830e+01   1.7552737e-02
   1.7820830e+01   1.8346002e-02
   1.7830830e+01   2.0430359e-02
   1.7840830e+01   2.2418725e-02
   1.7850830e+01   2.4175467e-02
   1.7860830e+01   2.5523939e-02
   1.7870830e+01   2.6484832e-02
   1.7880830e+01   2.7000394e-02
   1.7890830e+01   2.7345338e-02
   1.7900830e+01   2.7333391e-02
   1.7910830e+01   2.7297649e-02
   1.7920830e+01   2.7249604e-02
   1.7930830e+01   2.7127040e-02
   1.7940830e+01   2.6873707e-02
   1.7950830e+01   2.6742241e-02
   1.7960830e+01   2.6705370e-02
   1.7970830e+01   2.6732214e-02
   1.7980830e+01   2.6777770e-02
   1.7990830e+01   2.6783865e-02
   1.8000830e+01   2.6757073e-02
   1.8010830e+01   2.6578302e-02
   1.8020830e+01   2.6131552e-02
   1.8030830e+01   2.5253099e-02
   1.8040830e+01   2.4229555e-02
   1.8050830e+01   2.3097888e-02
   1.8060830e+01   2.1694312e-02
   1.8070830e+01   2.0210887e-02
   1.8080830e+01   2.0103035e-02
   1.8090830e+01   1.9989819e-02
   1.8100830e+01   1.9577664e-02
   1.8110830e+01   1.8402756e-02
   1.8120830e+01   1.5829828e-02
   1.8130830e+01   1.4168600e-02
   1.8140830e+01   1.3274677e-02
   1.8150830e+01   1.2295751e-02
   1.8160830e+01   1.1285860e-02
   1.8170830e+01   1.0380313e-02
   1.8180830e+01   9.5682569e-03
   1.8190830e+01   9.5710193e-03
   1.8200830e+01   9.1438352e-03
   1.8210830e+01   7.6273516e-03
   1.8220830e+01   6.2111000e-03
   1.8230830e+01   4.9111000e-03
   1.8240830e+01   4.2635869e-03
   1.8250830e+01   3.9783410e-03
   1.8260830e+01   3.4568549e-03
   1.8270830e+01   2.8810308e-03
   1.8280830e+01   2.8791705e-03
   1.8290830e+01   2.8395820e-03
   1.8300830e+01   2.5854836e-03
   1.8310830e+01   2.1448689e-03
   1.8320830e+01   1.3306612e-03
   1.8330830e+01   6.0083661e-04
   1.8340830e+01  -4.5611475e-05
   1.8350830e+01  -3.6892283e-04
   1.8360830e+01  -5.3522717e-04
   1.8370830e+01  -6.6496284e-04
   1.8380830e+01  -7.8699674e-04
   1.8390830e+01  -7.8590978e-04
   1.8400830e+01  -8.8173696e-04
   1.8410830e+01  -1.4752152e-03
   1.8420830e+01  -2.0953761e-03
   1.8430830e+01  -2.7714630e-03
   1.8440830e+01  -3.3118503e-03
   1.8450830e+01  -3.7069854e-03
   1.8460830e+01  -4.0023375e-03
   1.8470830e+01  -4.2398375e-03
   1.8480830e+01  -4.2885714e-03
   1.8490830e+01  -4.2880308e-03
   1.8500830e+01  -4.4597789e-03
   1.8510830e+01  -4.7893335e-03
   1.8520830e+01  -6.5563605e-03
   1.8530830e+01  -8.0952303e-03
   1.8540830e+01  -8.9233384e-03
   1.8550830e+01  -9.4792452e-03
   1.8560830e+01  -9.6147290e-03
   1.8570830e+01  -9.7477222e-03
   1.8580830e+01  -9.8785330e-03
   1.8590830e+01  -9.9207344e-03
   1.8600830e+01  -9.9218097e-03
   1.8610830e+01  -1.0113591e-02
   1.8620830e+01  -1.0346387e-02
   1.8630830e+01  -1.0929176e-02
   1.8640830e+01  -1.1495671e-02
   1.8650830e+01  -1.1803158e-02
   1.8660830e+01  -1.2114662e-02
   1.8670830e+01  -1.2439394e-02
   1.8680830e+01  -1.2654569e-02
   1.8690830e+01  -1.2685585e-02
   1.8700830e+01  -1.2709607e-02
   1.8710830e+01  -1.2726720e-02
   1.8720830e+01  -1.2854184e-02
   1.8730830e+01  -1.3045628e-02
   1.8740830e+01  -1.3075172e-02
   1.8750830e+01  -1.3054427e-02
   1.8760830e+01  -1.3070416e-02
   1.8770830e+01  -1.3091048e-02
   1.8780830e+01  -1.3094772e-02
   1.8790830e+01  -1.3098424e-02
   1.8800830e+01  -1.3101616e-02
   1.8810830e+01  -1.3060398e-02
   1.8820830e+01  -1.2888057e-02
   1.8830830e+01  -1.2497076e-02
   1.8840830e+01  -1.1738565e-02
   1.8850830e+01  -1.1034202e-02
   1.8860830e+01  -1.0385525e-02
   1.8870830e+01  -1.0157188e-02
   1.8880830e+01  -1.0205592e-02
   1.8890830e+01  -1.0238510e-02
   1.8900830e+01  -1.0265494e-02
   1.8910830e+01  -1.0273526e-02
   1.8920830e+01  -1.0277759e-02
   1.8930830e+01  -1.0100876e-02
   1.8940830e+01  -9.9200989e-03
   1.8950830e+01  -9.8653621e-03
   1.8960830e+01  -9.8071000e-03
   1.8970830e+01  -9.7293222e-03
   1.8980830e+01  -9.8321532e-03
   1.8990830e+01  -1.0441101e-02
   1.9000830e+01  -1.0836069e-02
   1.9010830e+01  -1.0855543e-02
   1.9020830e+01  -1.0868681e-02
   1.9030830e+01  -1.0874470e-02
   1.9040830e+01  -1.0810383e-02
   1.9050830e+01  -1.0692059e-02
   1.9060830e+01  -1.0924573e-02
   1.9070830e+01  -1.1343520e-02
   1.9080830e+01  -1.1568426e-02
   1.9090830e+01  -1.1729683e-02
   1.9100830e+01  -1.1838417e-02
   1.9110830e+01  -1.1937370e-02
   1.9120830e+01  -1.1949862e-02
   1.9130830e+01  -1.1954519e-02
   1.9140830e+01  -1.1890121e-02
   1.9150830e+01  -1.1734125e-02
   1.9160830e+01  -1.0859125e-02
   1.9170830e+01  -1.0134609e-02
   1.9180830e+01  -1.0039321e-02
   1.9190830e+01  -9.7494641e-03
   1.9200830e+01  -8.9666516e-03
   1.9210830e+01  -8.2076609e-03
   1.9220830e+01  -7.4904734e-03
   1.9230830e+01  -7.0944430e-03
   1.9240830e+01  -7.1022150e-03
   1.9250830e+01  -6.8588516e-03
   1.9260830e+01  -6.3770807e-03
   1.9270830e+01  -5.6884720e-03
   1.9280830e+01  -4.8579021e-03
   1.9290830e+01  -4.4735689e-03
   1.9300830e+01  -4.3160560e-03
   1.9310830e+01  -4.8835674e-03
   1.9320830e+01  -5.7151736e-03
   1.9330830e+01  -6.1132430e-03
   1.9340830e+01  -6.4049528e-03
   1.9350830e+01  -6.4501420e-03
   1.9360830e+01  -6.4594684e-03
   1.9370830e+01  -7.8628340e-03
   1.9380830e+01  -9.3481000e-03
   1.9390830e+01  -1.0048100e-02
   1.9400830e+01  -1.0679255e-02
   1.9410830e+01  -1.0286471e-02
   1.9420830e+01  -9.8922294e-03
   1.9430830e+01  -9.4875902e-03
   1.9440830e+01  -9.1535098e-03
   1.9450830e+01  -9.1344376e-03
   1.9460830e+01  -9.1226169e-03
   1.9470830e+01  -9.1333862e-03
   1.9480830e+01  -9.4590928e-03
   1.9490830e+01  -1.0544734e-02
   1.9500830e+01  -1.1537149e-02
   1.9510830e+01  -1.2350995e-02
   1.9520830e+01  -1.2874626e-02
   1.9530830e+01  -1.2950011e-02
   1.9540830e+01  -1.2596481e-02
   1.9550830e+01  -1.1703660e-02
   1.9560830e+01  -1.1256785e-02
   1.9570830e+01  -1.1268520e-02
   1.9580830e+01  -1.1280560e-02
   1.9590830e+01  -1.1292868e-02
   1.9600830e+01  -9.9443097e-03
   1.9610830e+01  -7.6223709e-03
   1.9620830e+01  -7.1413558e-03
   1.9630830e+01  -7.7743508e-03
   1.9640830e+01  -8.1995617e-03
   1.9650830e+01  -8.5143577e-03
   1.9660830e+01  -8.6732286e-03
   1.9670830e+01  -8.7630245e-03
   1.9680830e+01  -8.7966741e-03
   1.9690830e+01  -8.8098721e-03
   1.9700830e+01  -8.8230701e-03
   1.9710830e+01  -8.8362680e-03
   1.9720830e+01  -7.9711279e-03
   1.9730830e+01  -6.8767117e-03
   1.9740830e+01  -6.2116455e-03
   1.9750830e+01  -5.6389182e-03
   1.9760830e+01  -5.4433041e-03
   1.9770830e+01  -5.3179234e-03
   1.9780830e+01  -5.1750182e-03
   1.9790830e+01  -5.0295636e-03
   1.9800830e+01  -5.0270793e-03
   1.9810830e+01  -5.0417258e-03
   1.9820830e+01  -5.0471500e-03
   1.9830830e+01  -5.0516955e-03
   1.9840830e+01  -5.1905364e-03
   1.9850830e+01  -5.3390212e-03
   1.9860830e+01  -4.4068879e-03
   1.9870830e+01  -3.4214608e-03
   1.9880830e+01  -2.9321955e-03
   1.9890830e+01  -2.4619934e-03
   1.9900830e+01  -1.7579965e-03
   1.9910830e+01  -1.0499563e-03
   1.9920830e+01  -1.0609678e-03
   1.9930830e+01  -1.0766880e-03
   1.9940830e+01  -9.7268800e-04
   1.9950830e+01  -8.6053518e-04
   1.9960830e+01   1.9610729e-03
