   4.5030000e-01  -3.4697500e-01
   4.6030000e-01  -3.5947467e-01
   4.7030000e-01  -3.6107532e-01
   4.8030000e-01  -3.4713569e-01
   4.9030000e-01  -3.3952129e-01
   5.0030000e-01  -3.4165930e-01
   5.1030000e-01  -3.4431016e-01
   5.2030000e-01  -3.4890094e-01
   5.3030000e-01  -3.6040025e-01
   5.4030000e-01  -3.3523107e-01
   5.5030000e-01  -3.4074474e-01
   5.6030000e-01  -3.4905862e-01
   5.7030000e-01  -3.5242289e-01
   5.8030000e-01  -3.4294914e-01
   5.9030000e-01  -3.4940798e-01
   6.0030000e-01  -3.4682485e-01
   6.1030000e-01  -3.4309828e-01
   6.2030000e-01  -3.4265894e-01
   6.3030000e-01  -3.3643600e-01
   6.4030000e-01  -3.3628900e-01
   6.5030000e-01  -3.3369554e-01
   6.6030000e-01  -3.3575018e-01
   6.7030000e-01  -3.3379900e-01
   6.8030000e-01  -3.3994176e-01
   6.9030000e-01  -3.3513228e-01
   7.0030000e-01  -3.3591494e-01
   7.1030000e-01  -3.3610400e-01
   7.2030000e-01  -3.3302924e-01
   7.3030000e-01  -3.3677100e-01
   7.4030000e-01  -3.3476488e-01
   7.5030000e-01  -3.3134705e-01
   7.6030000e-01  -3.3209647e-01
   7.7030000e-01  -3.2254009e-01
   7.8030000e-01  -3.2260119e-01
   7.9030000e-01  -3.2795600e-01
   8.0030000e-01  -3.2911425e-01
   8.1030000e-01  -3.2229467e-01
   8.2030000e-01  -3.2655788e-01
   8.3030000e-01  -3.2737846e-01
   8.4030000e-01  -3.2319888e-01
   8.5030000e-01  -3.3088642e-01
   8.6030000e-01  -3.2357714e-01
   8.7030000e-01  -3.3001451e-01
   8.8030000e-01  -3.2531295e-01
   8.9030000e-01  -3.2623206e-01
   9.0030000e-01  -3.2346751e-01
   9.1030000e-01  -3.2489997e-01
   9.2030000e-01  -3.2564385e-01
   9.3030000e-01  -3.2237130e-01
   9.4030000e-01  -3.2185627e-01
   9.5030000e-01  -3.2322147e-01
   9.6030000e-01  -3.2223671e-01
   9.7030000e-01  -3.2079097e-01
   9.8030000e-01  -3.2196986e-01
   9.9030000e-01  -3.2012391e-01
   1.0003000e+00  -3.1933218e-01
   1.0103000e+00  -3.2161228e-01
   1.0203000e+00  -3.1952275e-01
   1.0303000e+00  -3.1990300e-01
   1.0403000e+00  -3.2120677e-01
   1.0503000e+00  -3.1633533e-01
   1.0603000e+00  -3.1702227e-01
   1.0703000e+00  -3.1619312e-01
   1.0803000e+00  -3.1572097e-01
   1.0903000e+00  -3.1820916e-01
   1.1003000e+00  -3.1322441e-01
   1.1103000e+00  -3.1294857e-01
   1.1203000e+00  -3.1282689e-01
   1.1303000e+00  -3.1601652e-01
   1.1403000e+00  -3.1358205e-01
   1.1503000e+00  -3.1452772e-01
   1.1603000e+00  -3.1534205e-01
   1.1703000e+00  -3.1596538e-01
   1.1803000e+00  -3.1565625e-01
   1.1903000e+00  -3.1259976e-01
   1.2003000e+00  -3.0281780e-01
   1.2103000e+00  -2.8162056e-01
   1.2203000e+00  -2.5957735e-01
   1.2303000e+00  -2.3279239e-01
   1.2403000e+00  -2.1209069e-01
   1.2503000e+00  -2.0200898e-01
   1.2603000e+00  -2.0084881e-01
   1.2703000e+00  -2.1043176e-01
   1.2803000e+00  -2.1928794e-01
   1.2903000e+00  -2.3482232e-01
   1.3003000e+00  -2.5809742e-01
   1.3103000e+00  -2.8313795e-01
   1.3203000e+00  -2.9727684e-01
   1.3303000e+00  -3.0776845e-01
   1.3403000e+00  -3.1070563e-01
   1.3503000e+00  -3.0818051e-01
   1.3603000e+00  -3.0902239e-01
   1.3703000e+00  -3.0592240e-01
   1.3803000e+00  -3.0711696e-01
   1.3903000e+00  -3.1037591e-01
   1.4003000e+00  -3.0869425e-01
   1.4103000e+00  -3.1229168e-01
   1.4203000e+00  -3.0683537e-01
   1.4303000e+00  -3.0692898e-01
   1.4403000e+00  -3.0311931e-01
   1.4503000e+00  -2.9989519e-01
   1.4603000e+00  -3.0174852e-01
   1.4703000e+00  -2.9878088e-01
   1.4803000e+00  -2.9472092e-01
   1.4903000e+00  -2.8797901e-01
   1.5003000e+00  -2.7787097e-01
   1.5103000e+00  -2.6095113e-01
   1.5203000e+00  -2.4775312e-01
   1.5303000e+00  -2.4027602e-01
   1.5403000e+00  -2.3229429e-01
   1.5503000e+00  -2.2819029e-01
   1.5603000e+00  -2.2217998e-01
   1.5703000e+00  -2.2253164e-01
   1.5803000e+00  -2.2455781e-01
   1.5903000e+00  -2.3570833e-01
   1.6003000e+00  -2.4198124e-01
   1.6103000e+00  -2.5285507e-01
   1.6203000e+00  -2.5865706e-01
   1.6303000e+00  -2.6205054e-01
   1.6403000e+00  -2.6427580e-01
   1.6503000e+00  -2.6373615e-01
   1.6603000e+00  -2.5854660e-01
   1.6703000e+00  -2.5477294e-01
   1.6803000e+00  -2.4844384e-01
   1.6903000e+00  -2.5005654e-01
   1.7003000e+00  -2.5231408e-01
   1.7103000e+00  -2.5265705e-01
   1.7203000e+00  -2.5297449e-01
   1.7303000e+00  -2.5608034e-01
   1.7403000e+00  -2.6524060e-01
   1.7503000e+00  -2.6744870e-01
   1.7603000e+00  -2.7785632e-01
   1.7703000e+00  -2.8462160e-01
   1.7803000e+00  -2.9198686e-01
   1.7903000e+00  -2.9890872e-01
   1.8003000e+00  -2.9716427e-01
   1.8103000e+00  -3.0001987e-01
   1.8203000e+00  -3.0218185e-01
   1.8303000e+00  -2.9856467e-01
   1.8403000e+00  -2.9908676e-01
   1.8503000e+00  -2.9797800e-01
   1.8603000e+00  -2.9376302e-01
   1.8703000e+00  -2.8662812e-01
   1.8803000e+00  -2.7082589e-01
   1.8903000e+00  -2.5034112e-01
   1.9003000e+00  -2.0251279e-01
   1.9103000e+00  -1.2181560e-01
   1.9203000e+00   4.0491250e-03
   1.9303000e+00   1.8894285e-01
   1.9403000e+00   4.0706249e-01
   1.9503000e+00   6.0793751e-01
   1.9603000e+00   7.7271930e-01
   1.9703000e+00   8.7508110e-01
   1.9803000e+00   9.2084156e-01
   1.9903000e+00   9.2301775e-01
   2.0003000e+00   8.6741492e-01
   2.0103000e+00   7.5262227e-01
   2.0203000e+00   6.1907029e-01
   2.0303000e+00   4.4036182e-01
   2.0403000e+00   2.6621750e-01
   2.0503000e+00   1.5377932e-01
   2.0603000e+00   1.2431158e-01
   2.0703000e+00   2.0511737e-01
   2.0803000e+00   3.8818981e-01
   2.0903000e+00   6.1055781e-01
   2.1003000e+00   8.0873909e-01
   2.1103000e+00   9.8504876e-01
   2.1203000e+00   1.0898917e+00
   2.1303000e+00   1.1370407e+00
   2.1403000e+00   1.1192172e+00
   2.1503000e+00   1.0410995e+00
   2.1603000e+00   9.3573817e-01
   2.1703000e+00   7.5420561e-01
   2.1803000e+00   5.3701976e-01
   2.1903000e+00   3.1935300e-01
   2.2003000e+00   1.2363985e-01
   2.2103000e+00  -3.7966520e-02
   2.2203000e+00  -1.3750548e-01
   2.2303000e+00  -1.9696701e-01
   2.2403000e+00  -2.2070450e-01
   2.2503000e+00  -2.4827081e-01
   2.2603000e+00  -2.5690448e-01
   2.2703000e+00  -2.7638731e-01
   2.2803000e+00  -2.7722525e-01
   2.2903000e+00  -2.9135005e-01
   2.3003000e+00  -2.8782605e-01
   2.3103000e+00  -2.9116445e-01
   2.3203000e+00  -2.8654826e-01
   2.3303000e+00  -2.8503655e-01
   2.3403000e+00  -2.7565614e-01
   2.3503000e+00  -2.6869435e-01
   2.3603000e+00  -2.6243961e-01
   2.3703000e+00  -2.6025232e-01
   2.3803000e+00  -2.5445206e-01
   2.3903000e+00  -2.5309605e-01
   2.4003000e+00  -2.4873420e-01
   2.4103000e+00  -2.4390493e-01
   2.4203000e+00  -2.3882571e-01
   2.4303000e+00  -2.3699579e-01
   2.4403000e+00  -2.3586325e-01
   2.4503000e+00  -2.3065933e-01
   2.4603000e+00  -2.1976010e-01
   2.4703000e+00  -2.1920018e-01
   2.4803000e+00  -2.1031619e-01
   2.4903000e+00  -2.0311364e-01
   2.5003000e+00  -2.0352730e-01
   2.5103000e+00  -2.1274478e-01
   2.5203000e+00  -2.1395695e-01
   2.5303000e+00  -2.2953414e-01
   2.5403000e+00  -2.3395230e-01
   2.5503000e+00  -2.4772686e-01
   2.5603000e+00  -2.5755082e-01
   2.5703000e+00  -2.6959430e-01
   2.5803000e+00  -2.7908485e-01
   2.5903000e+00  -2.8669297e-01
   2.6003000e+00  -2.9278013e-01
   2.6103000e+00  -2.8978582e-01
   2.6203000e+00  -2.8589334e-01
   2.6303000e+00  -2.8523141e-01
   2.6403000e+00  -2.7989907e-01
   2.6503000e+00  -2.7180238e-01
   2.6603000e+00  -2.6620502e-01
   2.6703000e+00  -2.4027151e-01
   2.6803000e+00  -2.1926442e-01
   2.6903000e+00  -1.9448799e-01
   2.7003000e+00  -1.6215233e-01
   2.7103000e+00  -1.3537939e-01
   2.7203000e+00  -1.0540914e-01
   2.7303000e+00  -8.7227161e-02
   2.7403000e+00  -7.1139044e-02
   2.7503000e+00  -6.2299236e-02
   2.7603000e+00  -5.0945833e-02
   2.7703000e+00  -5.4976141e-02
   2.7803000e+00  -5.3884385e-02
   2.7903000e+00  -5.5265799e-02
   2.8003000e+00  -4.0804579e-02
   2.8103000e+00  -2.8101473e-02
   2.8203000e+00   1.1497509e-04
   2.8303000e+00   4.3416269e-02
   2.8403000e+00   8.8684558e-02
   2.8503000e+00   1.3145151e-01
   2.8603000e+00   1.6444892e-01
   2.8703000e+00   1.9121944e-01
   2.8803000e+00   2.0048356e-01
   2.8903000e+00   1.8896197e-01
   2.9003000e+00   1.6436609e-01
   2.9103000e+00   1.3301763e-01
   2.9203000e+00   8.2945986e-02
   2.9303000e+00   3.4244116e-02
   2.9403000e+00  -2.3334429e-02
   2.9503000e+00  -6.6849868e-02
   2.9603000e+00  -1.0390250e-01
   2.9703000e+00  -1.1477000e-01
   2.9803000e+00  -1.0459877e-01
   2.9903000e+00  -6.9899548e-02
   3.0003000e+00  -1.7556230e-02
   3.0103000e+00   6.0144010e-02
   3.0203000e+00   1.4200601e-01
   3.0303000e+00   2.2066608e-01
   3.0403000e+00   2.8674394e-01
   3.0503000e+00   3.3471515e-01
   3.0603000e+00   3.5830145e-01
   3.0703000e+00   3.5912963e-01
   3.0803000e+00   3.3686133e-01
   3.0903000e+00   2.9564041e-01
   3.1003000e+00   2.3506710e-01
   3.1103000e+00   1.8192637e-01
   3.1203000e+00   1.0268466e-01
   3.1303000e+00   4.1789712e-02
   3.1403000e+00  -3.8214076e-03
   3.1503000e+00  -5.4039222e-02
   3.1603000e+00  -7.2881848e-02
   3.1703000e+00  -8.3096949e-02
   3.1803000e+00  -8.0266381e-02
   3.1903000e+00  -7.3587069e-02
   3.2003000e+00  -6.8644938e-02
   3.2103000e+00  -6.7393894e-02
   3.2203000e+00  -6.2714975e-02
   3.2303000e+00  -4.9375520e-02
   3.2403000e+00  -3.8333519e-02
   3.2503000e+00  -2.9849575e-02
   3.2603000e+00  -2.4821323e-02
   3.2703000e+00  -1.7404180e-02
   3.2803000e+00  -1.6760287e-02
   3.2903000e+00  -2.8276213e-02
   3.3003000e+00  -4.2184645e-02
   3.3103000e+00  -5.4963000e-02
   3.3203000e+00  -7.6657988e-02
   3.3303000e+00  -1.0663064e-01
   3.3403000e+00  -1.3848381e-01
   3.3503000e+00  -1.6901504e-01
   3.3603000e+00  -1.8498062e-01
   3.3703000e+00  -1.9312629e-01
   3.3803000e+00  -2.0559759e-01
   3.3903000e+00  -2.1111795e-01
   3.4003000e+00  -2.0604657e-01
   3.4103000e+00  -2.0555330e-01
   3.4203000e+00  -2.0578068e-01
   3.4303000e+00  -2.0088400e-01
   3.4403000e+00  -1.9623562e-01
   3.4503000e+00  -2.0229730e-01
   3.4603000e+00  -2.1136935e-01
   3.4703000e+00  -2.1892493e-01
   3.4803000e+00  -2.2513371e-01
   3.4903000e+00  -2.2220260e-01
   3.5003000e+00  -2.0930462e-01
   3.5103000e+00  -1.9829959e-01
   3.5203000e+00  -1.8081837e-01
   3.5303000e+00  -1.5816007e-01
   3.5403000e+00  -1.2584871e-01
   3.5503000e+00  -8.3293254e-02
   3.5603000e+00  -4.9622213e-02
   3.5703000e+00  -1.7654202e-02
   3.5803000e+00   2.0426561e-02
   3.5903000e+00   4.3424418e-02
   3.6003000e+00   5.4633409e-02
   3.6103000e+00   6.7628271e-02
   3.6203000e+00   7.6840050e-02
   3.6303000e+00   9.0889176e-02
   3.6403000e+00   9.1401843e-02
   3.6503000e+00   1.0372718e-01
   3.6603000e+00   1.1911914e-01
   3.6703000e+00   1.2787238e-01
   3.6803000e+00   1.4338243e-01
   3.6903000e+00   1.4822133e-01
   3.7003000e+00   1.4502549e-01
   3.7103000e+00   1.4565501e-01
   3.7203000e+00   1.3298466e-01
   3.7303000e+00   1.0843102e-01
   3.7403000e+00   8.1228957e-02
   3.7503000e+00   5.2690667e-02
   3.7603000e+00   2.5289298e-02
   3.7703000e+00  -7.2688992e-03
   3.7803000e+00  -3.8705667e-02
   3.7903000e+00  -7.3727654e-02
   3.8003000e+00  -9.5378343e-02
   3.8103000e+00  -1.1149321e-01
   3.8203000e+00  -1.0999972e-01
   3.8303000e+00  -1.0300617e-01
   3.8403000e+00  -9.6080375e-02
   3.8503000e+00  -8.6132081e-02
   3.8603000e+00  -7.5067373e-02
   3.8703000e+00  -6.3260628e-02
   3.8803000e+00  -5.2042450e-02
   3.8903000e+00  -2.9238784e-02
   3.9003000e+00   6.9578462e-04
   3.9103000e+00   4.1730724e-02
   3.9203000e+00   9.7447291e-02
   3.9303000e+00   1.5116130e-01
   3.9403000e+00   2.0212669e-01
   3.9503000e+00   2.5175763e-01
   3.9603000e+00   2.9205728e-01
   3.9703000e+00   3.2942275e-01
   3.9803000e+00   3.6924702e-01
   3.9903000e+00   4.0847338e-01
   4.0003000e+00   4.3534238e-01
   4.0103000e+00   4.4856529e-01
   4.0203000e+00   4.5048442e-01
   4.0303000e+00   4.4318113e-01
   4.0403000e+00   4.3039631e-01
   4.0503000e+00   4.3168181e-01
   4.0603000e+00   4.2440335e-01
   4.0703000e+00   4.0268268e-01
   4.0803000e+00   3.7977824e-01
   4.0903000e+00   3.5319426e-01
   4.1003000e+00   3.2035120e-01
   4.1103000e+00   2.8481344e-01
   4.1203000e+00   2.4655612e-01
   4.1303000e+00   1.9910529e-01
   4.1403000e+00   1.6209114e-01
   4.1503000e+00   1.3228899e-01
   4.1603000e+00   8.2835288e-02
   4.1703000e+00   5.3988235e-02
   4.1803000e+00   4.4331402e-02
   4.1903000e+00   3.5552916e-02
   4.2003000e+00   3.3265605e-02
   4.2103000e+00   3.8842404e-02
   4.2203000e+00   4.7299114e-02
   4.2303000e+00   4.8259106e-02
   4.2403000e+00   4.9728554e-02
   4.2503000e+00   4.9929746e-02
   4.2603000e+00   4.3859981e-02
   4.2703000e+00   3.2854768e-02
   4.2803000e+00   2.4540327e-02
   4.2903000e+00   2.3585734e-03
   4.3003000e+00  -2.2988531e-02
   4.3103000e+00  -3.5310247e-02
   4.3203000e+00  -5.5615542e-02
   4.3303000e+00  -7.3250261e-02
   4.3403000e+00  -8.9599839e-02
   4.3503000e+00  -9.6962299e-02
   4.3603000e+00  -1.0856166e-01
   4.3703000e+00  -1.2853745e-01
   4.3803000e+00  -1.3943642e-01
   4.3903000e+00  -1.5130713e-01
   4.4003000e+00  -1.6425915e-01
   4.4103000e+00  -1.7633137e-01
   4.4203000e+00  -1.8167360e-01
   4.4303000e+00  -1.9140142e-01
   4.4403000e+00  -2.0238165e-01
   4.4503000e+00  -2.0587648e-01
   4.4603000e+00  -2.0941671e-01
   4.4703000e+00  -2.0545743e-01
   4.4803000e+00  -2.0185319e-01
   4.4903000e+00  -1.9670284e-01
   4.5003000e+00  -1.8335182e-01
   4.5103000e+00  -1.7002422e-01
   4.5203000e+00  -1.5861807e-01
   4.5303000e+00  -1.2855610e-01
   4.5403000e+00  -1.1425491e-01
   4.5503000e+00  -9.5749890e-02
   4.5603000e+00  -6.4529309e-02
   4.5703000e+00  -4.1790294e-02
   4.5803000e+00  -2.1770385e-02
   4.5903000e+00   2.1707839e-02
   4.6003000e+00   3.3667967e-02
   4.6103000e+00   5.8405659e-02
   4.6203000e+00   8.6049305e-02
   4.6303000e+00   1.0181914e-01
   4.6403000e+00   1.2963482e-01
   4.6503000e+00   1.5888106e-01
   4.6603000e+00   1.6751979e-01
   4.6703000e+00   1.8664729e-01
   4.6803000e+00   2.0107857e-01
   4.6903000e+00   2.1851530e-01
   4.7003000e+00   2.4568759e-01
   4.7103000e+00   2.5255317e-01
   4.7203000e+00   2.7144798e-01
   4.7303000e+00   2.8859578e-01
   4.7403000e+00   2.9227399e-01
   4.7503000e+00   2.9203956e-01
   4.7603000e+00   2.8428833e-01
   4.7703000e+00   2.6949926e-01
   4.7803000e+00   2.4831052e-01
   4.7903000e+00   2.3723242e-01
   4.8003000e+00   2.1250571e-01
   4.8103000e+00   2.0502325e-01
   4.8203000e+00   1.9022585e-01
   4.8303000e+00   1.7022766e-01
   4.8403000e+00   1.6047529e-01
   4.8503000e+00   1.3473590e-01
   4.8603000e+00   1.3014696e-01
   4.8703000e+00   1.0859001e-01
   4.8803000e+00   9.3842934e-02
   4.8903000e+00   7.4431660e-02
   4.9003000e+00   6.4548224e-02
   4.9103000e+00   5.8474782e-02
   4.9203000e+00   5.6734744e-02
   4.9303000e+00   5.9635018e-02
   4.9403000e+00   6.6453260e-02
   4.9503000e+00   8.0305198e-02
   4.9603000e+00   9.7364522e-02
   4.9703000e+00   1.1463269e-01
   4.9803000e+00   1.3189234e-01
   4.9903000e+00   1.6696210e-01
   5.0003000e+00   1.7855948e-01
   5.0103000e+00   2.0392592e-01
   5.0203000e+00   2.0840940e-01
   5.0303000e+00   2.0810835e-01
   5.0403000e+00   2.0392515e-01
   5.0503000e+00   1.8909292e-01
   5.0603000e+00   1.7355888e-01
   5.0703000e+00   1.4432237e-01
   5.0803000e+00   1.1818024e-01
   5.0903000e+00   8.6765644e-02
   5.1003000e+00   4.2666458e-02
   5.1103000e+00   1.5937448e-02
   5.1203000e+00  -2.8575266e-02
   5.1303000e+00  -4.8380626e-02
   5.1403000e+00  -7.9870523e-02
   5.1503000e+00  -8.9403128e-02
   5.1603000e+00  -1.0845514e-01
   5.1703000e+00  -1.1161214e-01
   5.1803000e+00  -1.1130849e-01
   5.1903000e+00  -1.1178278e-01
   5.2003000e+00  -1.0252413e-01
   5.2103000e+00  -9.9919315e-02
   5.2203000e+00  -8.3514069e-02
   5.2303000e+00  -7.9551013e-02
   5.2403000e+00  -6.2984107e-02
   5.2503000e+00  -5.8163888e-02
   5.2603000e+00  -3.6031312e-02
   5.2703000e+00  -3.0124108e-02
   5.2803000e+00  -6.4731477e-03
   5.2903000e+00  -1.3237372e-03
   5.3003000e+00   1.0475278e-02
   5.3103000e+00   1.3546352e-02
   5.3203000e+00   1.0394338e-02
   5.3303000e+00   9.3332439e-03
   5.3403000e+00   1.1384532e-03
   5.3503000e+00  -1.4825880e-03
   5.3603000e+00  -1.6032405e-02
   5.3703000e+00  -2.4991509e-02
   5.3803000e+00  -3.7207346e-02
   5.3903000e+00  -4.7272173e-02
   5.4003000e+00  -5.0813267e-02
   5.4103000e+00  -5.9004002e-02
   5.4203000e+00  -6.0631686e-02
   5.4303000e+00  -6.2436018e-02
   5.4403000e+00  -6.0997867e-02
   5.4503000e+00  -5.4309176e-02
   5.4603000e+00  -5.3483060e-02
   5.4703000e+00  -4.4779199e-02
   5.4803000e+00  -4.1261721e-02
   5.4903000e+00  -3.0077148e-02
   5.5003000e+00  -2.6313527e-02
   5.5103000e+00  -1.3345007e-02
   5.5203000e+00  -5.0176957e-03
   5.5303000e+00  -3.5257324e-04
   5.5403000e+00   1.7850830e-02
   5.5503000e+00   1.8675852e-02
   5.5603000e+00   3.8658838e-02
   5.5703000e+00   4.1573391e-02
   5.5803000e+00   4.5653871e-02
   5.5903000e+00   4.5038803e-02
   5.6003000e+00   4.7414104e-02
   5.6103000e+00   4.8559879e-02
   5.6203000e+00   4.7233680e-02
   5.6303000e+00   4.7277533e-02
   5.6403000e+00   4.7551104e-02
   5.6503000e+00   4.2416920e-02
   5.6603000e+00   3.8897113e-02
   5.6703000e+00   3.3920025e-02
   5.6803000e+00   2.8061637e-02
   5.6903000e+00   2.3627264e-02
   5.7003000e+00   1.3888709e-02
   5.7103000e+00   1.2979403e-02
   5.7203000e+00   1.4668042e-03
   5.7303000e+00  -3.3398586e-03
   5.7403000e+00  -5.6352164e-03
   5.7503000e+00  -1.3553564e-02
   5.7603000e+00  -1.4029552e-02
   5.7703000e+00  -2.7478924e-02
   5.7803000e+00  -3.1262473e-02
   5.7903000e+00  -3.8317264e-02
   5.8003000e+00  -4.8388614e-02
   5.8103000e+00  -5.1914590e-02
   5.8203000e+00  -6.6615885e-02
   5.8303000e+00  -6.8378700e-02
   5.8403000e+00  -6.8084961e-02
   5.8503000e+00  -7.7072209e-02
   5.8603000e+00  -7.7342625e-02
   5.8703000e+00  -7.8833361e-02
   5.8803000e+00  -7.8977327e-02
   5.8903000e+00  -8.2416430e-02
   5.9003000e+00  -8.5896966e-02
   5.9103000e+00  -8.4689785e-02
   5.9203000e+00  -7.2455873e-02
   5.9303000e+00  -7.0098789e-02
   5.9403000e+00  -6.1282374e-02
   5.9503000e+00  -4.7471505e-02
   5.9603000e+00  -4.5899884e-02
   5.9703000e+00  -3.7907183e-02
   5.9803000e+00  -3.2287395e-02
   5.9903000e+00  -2.8862190e-02
   6.0003000e+00  -3.5294691e-03
   6.0103000e+00  -2.3922829e-03
   6.0203000e+00   1.3727746e-02
   6.0303000e+00   3.6802632e-02
   6.0403000e+00   3.9823942e-02
   6.0503000e+00   5.7602414e-02
   6.0603000e+00   6.2997233e-02
   6.0703000e+00   6.8152316e-02
   6.0803000e+00   8.2011937e-02
   6.0903000e+00   8.3590395e-02
   6.1003000e+00   8.5445596e-02
   6.1103000e+00   8.6264975e-02
   6.1203000e+00   8.6292046e-02
   6.1303000e+00   7.6165157e-02
   6.1403000e+00   6.8067261e-02
   6.1503000e+00   6.3582531e-02
   6.1603000e+00   3.9993037e-02
   6.1703000e+00   3.0848182e-02
   6.1803000e+00   2.3308243e-02
   6.1903000e+00  -3.1049515e-03
   6.2003000e+00  -6.2203118e-03
   6.2103000e+00  -1.9288400e-02
   6.2203000e+00  -4.4431395e-02
   6.2303000e+00  -4.4846231e-02
   6.2403000e+00  -5.6163821e-02
   6.2503000e+00  -5.8033410e-02
   6.2603000e+00  -5.7726854e-02
   6.2703000e+00  -5.4314352e-02
   6.2803000e+00  -4.9895266e-02
   6.2903000e+00  -4.8674119e-02
   6.3003000e+00  -4.0282908e-02
   6.3103000e+00  -4.1244208e-02
   6.3203000e+00  -4.1216367e-02
   6.3303000e+00  -3.2274242e-02
   6.3403000e+00  -2.5193467e-02
   6.3503000e+00  -2.1544729e-02
   6.3603000e+00  -2.1487736e-04
   6.3703000e+00   1.1065547e-02
   6.3803000e+00   1.3638898e-02
   6.3903000e+00   2.6672398e-02
   6.4003000e+00   3.1464155e-02
   6.4103000e+00   3.2149309e-02
   6.4203000e+00   4.2114270e-02
   6.4303000e+00   4.3091387e-02
   6.4403000e+00   4.4379677e-02
   6.4503000e+00   4.9951922e-02
   6.4603000e+00   5.0848209e-02
   6.4703000e+00   5.1696362e-02
   6.4803000e+00   5.3209498e-02
   6.4903000e+00   5.1355626e-02
   6.5003000e+00   5.1197500e-02
   6.5103000e+00   3.5385599e-02
   6.5203000e+00   2.5764778e-02
   6.5303000e+00   2.5574991e-02
   6.5403000e+00   4.2747951e-03
   6.5503000e+00  -2.2991774e-03
   6.5603000e+00  -3.5106489e-03
   6.5703000e+00  -2.0299210e-02
   6.5803000e+00  -3.2537833e-02
   6.5903000e+00  -3.2508238e-02
   6.6003000e+00  -3.6298812e-02
   6.6103000e+00  -4.4242055e-02
   6.6203000e+00  -4.5200565e-02
   6.6303000e+00  -4.3686316e-02
   6.6403000e+00  -3.5821131e-02
   6.6503000e+00  -3.2059098e-02
   6.6603000e+00  -2.8502703e-02
   6.6703000e+00  -1.0836453e-02
   6.6803000e+00  -2.0720240e-03
   6.6903000e+00  -2.0421091e-03
   6.7003000e+00   3.1347707e-02
   6.7103000e+00   5.1571124e-02
   6.7203000e+00   5.2872429e-02
   6.7303000e+00   6.7663724e-02
   6.7403000e+00   9.1411540e-02
   6.7503000e+00   9.5570549e-02
   6.7603000e+00   9.9690379e-02
   6.7703000e+00   1.1680887e-01
   6.7803000e+00   1.2046249e-01
   6.7903000e+00   1.2049346e-01
   6.8003000e+00   1.1266384e-01
   6.8103000e+00   1.0435408e-01
   6.8203000e+00   1.0368609e-01
   6.8303000e+00   9.4479996e-02
   6.8403000e+00   7.8405737e-02
   6.8503000e+00   7.6581301e-02
   6.8603000e+00   7.6611958e-02
   6.8703000e+00   5.0957263e-02
   6.8803000e+00   3.4234663e-02
   6.8903000e+00   3.3558929e-02
   6.9003000e+00   1.7798372e-02
   6.9103000e+00   2.8616382e-03
   6.9203000e+00   8.2989884e-04
   6.9303000e+00  -7.3653824e-04
   6.9403000e+00  -2.3293428e-02
   6.9503000e+00  -3.7530037e-02
   6.9603000e+00  -3.7566580e-02
   6.9703000e+00  -4.8069106e-02
   6.9803000e+00  -6.3755583e-02
   6.9903000e+00  -6.8038917e-02
   7.0003000e+00  -6.8700331e-02
   7.0103000e+00  -7.2395770e-02
   7.0203000e+00  -7.0067655e-02
   7.0303000e+00  -7.0035876e-02
   7.0403000e+00  -7.0752435e-02
   7.0503000e+00  -7.6920074e-02
   7.0603000e+00  -8.2038584e-02
   7.0703000e+00  -8.2167313e-02
   7.0803000e+00  -8.5357989e-02
   7.0903000e+00  -9.4286525e-02
   7.1003000e+00  -9.4684243e-02
   7.1103000e+00  -9.4430316e-02
   7.1203000e+00  -9.0544066e-02
   7.1303000e+00  -7.9742856e-02
   7.1403000e+00  -7.9313613e-02
   7.1503000e+00  -7.9620109e-02
   7.1603000e+00  -7.3986968e-02
   7.1703000e+00  -6.8666119e-02
   7.1803000e+00  -6.8633496e-02
   7.1903000e+00  -6.3579276e-02
   7.2003000e+00  -6.1476137e-02
   7.2103000e+00  -6.1884391e-02
   7.2203000e+00  -6.0959093e-02
   7.2303000e+00  -4.8765028e-02
   7.2403000e+00  -4.5335296e-02
   7.2503000e+00  -4.5570545e-02
   7.2603000e+00  -4.5263221e-02
   7.2703000e+00  -4.0388459e-02
   7.2803000e+00  -4.0994425e-02
   7.2903000e+00  -4.1030432e-02
   7.3003000e+00  -4.1642518e-02
   7.3103000e+00  -4.6015148e-02
   7.3203000e+00  -4.6272706e-02
   7.3303000e+00  -4.6202041e-02
   7.3403000e+00  -4.6111719e-02
   7.3503000e+00  -4.4884356e-02
   7.3603000e+00  -3.7744644e-02
   7.3703000e+00  -3.7711370e-02
   7.3803000e+00  -3.7573111e-02
   7.3903000e+00  -3.4457196e-02
   7.4003000e+00  -3.2083892e-02
   7.4103000e+00  -3.1809409e-02
   7.4203000e+00  -3.3531951e-02
   7.4303000e+00  -4.0090231e-02
   7.4403000e+00  -4.7460237e-02
   7.4503000e+00  -4.7426651e-02
   7.4603000e+00  -4.8346409e-02
   7.4703000e+00  -5.6944108e-02
   7.4803000e+00  -5.5750088e-02
   7.4903000e+00  -5.5599710e-02
   7.5003000e+00  -5.5614680e-02
   7.5103000e+00  -5.7118329e-02
   7.5203000e+00  -6.2102483e-02
   7.5303000e+00  -6.2733485e-02
   7.5403000e+00  -6.2694714e-02
   7.5503000e+00  -6.2597749e-02
   7.5603000e+00  -6.3420016e-02
   7.5703000e+00  -6.3529498e-02
   7.5803000e+00  -6.3495152e-02
   7.5903000e+00  -5.4186953e-02
   7.6003000e+00  -3.7212570e-02
   7.6103000e+00  -2.8598423e-02
   7.6203000e+00  -2.8558370e-02
   7.6303000e+00  -2.3820046e-02
   7.6403000e+00  -1.4554001e-02
   7.6503000e+00  -1.2755372e-02
   7.6603000e+00  -1.2719752e-02
   7.6703000e+00  -9.8948305e-03
   7.6803000e+00  -1.0846884e-03
   7.6903000e+00   8.6008283e-03
   7.7003000e+00   8.6354052e-03
   7.7103000e+00   8.6699857e-03
   7.7203000e+00   6.1596969e-03
   7.7303000e+00   2.8807529e-03
   7.7403000e+00   1.4798965e-03
   7.7503000e+00   1.5147561e-03
   7.7603000e+00  -4.2197680e-04
   7.7703000e+00  -3.8259485e-03
   7.7803000e+00  -3.5622828e-03
   7.7903000e+00  -3.5121874e-03
   7.8003000e+00  -4.2793209e-03
   7.8103000e+00  -7.2799398e-03
   7.8203000e+00  -6.7413752e-03
   7.8303000e+00  -6.6895619e-03
   7.8403000e+00  -6.6543448e-03
   7.8503000e+00  -9.2239032e-03
   7.8603000e+00  -1.3826740e-02
   7.8703000e+00  -1.7760825e-02
   7.8803000e+00  -1.7725247e-02
   7.8903000e+00  -1.7689733e-02
   7.9003000e+00  -1.8330747e-02
   7.9103000e+00  -2.5099952e-02
   7.9203000e+00  -2.7752414e-02
   7.9303000e+00  -2.7717061e-02
   7.9403000e+00  -2.8242821e-02
   7.9503000e+00  -2.7725141e-02
   7.9603000e+00  -2.4797166e-02
   7.9703000e+00  -2.4420106e-02
   7.9803000e+00  -2.3713055e-02
   7.9903000e+00  -1.7981965e-02
   8.0003000e+00  -7.9430676e-03
   8.0103000e+00  -4.8748552e-03
   8.0203000e+00  -4.8386596e-03
   8.0303000e+00  -2.7076301e-03
   8.0403000e+00   4.2341930e-03
   8.0503000e+00   1.3283981e-02
   8.0603000e+00   1.3412665e-02
   8.0703000e+00   1.3448656e-02
   8.0803000e+00   1.6146746e-02
   8.0903000e+00   2.2095472e-02
   8.1003000e+00   3.2889481e-02
   8.1103000e+00   3.2926101e-02
   8.1203000e+00   3.2962507e-02
   8.1303000e+00   3.7752212e-02
   8.1403000e+00   4.6003532e-02
   8.1503000e+00   5.5671196e-02
   8.1603000e+00   5.5707985e-02
   8.1703000e+00   5.5744750e-02
   8.1803000e+00   6.3375735e-02
   8.1903000e+00   7.1653190e-02
   8.2003000e+00   7.6806756e-02
   8.2103000e+00   7.6843341e-02
   8.2203000e+00   7.6879861e-02
   8.2303000e+00   8.0399412e-02
   8.2403000e+00   8.3538524e-02
   8.2503000e+00   8.4989759e-02
   8.2603000e+00   8.5026582e-02
   8.2703000e+00   8.5063838e-02
   8.2803000e+00   8.3730159e-02
   8.2903000e+00   8.1169787e-02
   8.3003000e+00   7.8917152e-02
   8.3103000e+00   7.8954501e-02
   8.3203000e+00   7.8991813e-02
   8.3303000e+00   7.4579606e-02
   8.3403000e+00   7.1900655e-02
   8.3503000e+00   7.3060031e-02
   8.3603000e+00   7.3097548e-02
   8.3703000e+00   7.3134629e-02
   8.3803000e+00   7.7068049e-02
   8.3903000e+00   8.4205459e-02
   8.4003000e+00   8.8793306e-02
   8.4103000e+00   8.9163238e-02
   8.4203000e+00   8.9201288e-02
   8.4303000e+00   9.2106406e-02
   8.4403000e+00   1.0148291e-01
   8.4503000e+00   1.0775876e-01
   8.4603000e+00   1.0911401e-01
   8.4703000e+00   1.0915184e-01
   8.4803000e+00   1.0894313e-01
   8.4903000e+00   1.0349884e-01
   8.5003000e+00   9.9270706e-02
   8.5103000e+00   9.7333256e-02
   8.5203000e+00   9.7371263e-02
   8.5303000e+00   9.7409754e-02
   8.5403000e+00   7.6682974e-02
   8.5503000e+00   6.1277696e-02
   8.5603000e+00   5.0152667e-02
   8.5703000e+00   5.0191216e-02
   8.5803000e+00   5.0229722e-02
   8.5903000e+00   3.7672171e-02
   8.6003000e+00   2.0026105e-02
   8.6103000e+00  -2.0603136e-04
   8.6203000e+00  -1.6728770e-04
   8.6303000e+00  -1.2843735e-04
   8.6403000e+00  -3.2907986e-04
   8.6503000e+00  -1.7955556e-03
   8.6603000e+00  -1.7232677e-02
   8.6703000e+00  -2.3700549e-02
   8.6803000e+00  -2.3661348e-02
   8.6903000e+00  -2.3622177e-02
   8.7003000e+00  -2.5158514e-02
   8.7103000e+00  -3.0996876e-02
   8.7203000e+00  -4.3800968e-02
   8.7303000e+00  -4.4093950e-02
   8.7403000e+00  -4.4055014e-02
   8.7503000e+00  -4.5905576e-02
   8.7603000e+00  -5.2056637e-02
   8.7703000e+00  -6.1723105e-02
   8.7803000e+00  -6.5492352e-02
   8.7903000e+00  -6.5601997e-02
   8.8003000e+00  -6.5563182e-02
   8.8103000e+00  -6.7405635e-02
   8.8203000e+00  -7.2579289e-02
   8.8303000e+00  -7.0685547e-02
   8.8403000e+00  -6.9789393e-02
   8.8503000e+00  -6.9749800e-02
   8.8603000e+00  -6.9710243e-02
   8.8703000e+00  -7.3791123e-02
   8.8803000e+00  -7.7417724e-02
   8.8903000e+00  -7.7766327e-02
   8.9003000e+00  -7.7730115e-02
   8.9103000e+00  -7.7690202e-02
   8.9203000e+00  -7.7650269e-02
   8.9303000e+00  -7.5898780e-02
   8.9403000e+00  -7.3297712e-02
   8.9503000e+00  -7.0340316e-02
   8.9603000e+00  -7.0300098e-02
   8.9703000e+00  -7.0259930e-02
   8.9803000e+00  -7.0071797e-02
   8.9903000e+00  -6.9529504e-02
   9.0003000e+00  -6.9787068e-02
   9.0103000e+00  -7.0217267e-02
   9.0203000e+00  -7.0210899e-02
   9.0303000e+00  -7.0170831e-02
   9.0403000e+00  -7.0077188e-02
   9.0503000e+00  -6.7921231e-02
   9.0603000e+00  -6.4418385e-02
   9.0703000e+00  -6.0193272e-02
   9.0803000e+00  -6.0152497e-02
   9.0903000e+00  -6.0111748e-02
   9.1003000e+00  -5.8748714e-02
   9.1103000e+00  -5.1483915e-02
   9.1203000e+00  -4.7409141e-02
   9.1303000e+00  -4.5789867e-02
   9.1403000e+00  -4.5669670e-02
   9.1503000e+00  -4.5628228e-02
   9.1603000e+00  -4.4613391e-02
   9.1703000e+00  -3.9767829e-02
   9.1803000e+00  -3.2334362e-02
   9.1903000e+00  -2.5384069e-02
   9.2003000e+00  -2.4852902e-02
   9.2103000e+00  -2.4811598e-02
   9.2203000e+00  -2.4769602e-02
   9.2303000e+00  -1.8818296e-02
   9.2403000e+00  -1.4874750e-02
   9.2503000e+00  -1.0723836e-02
   9.2603000e+00  -1.0682673e-02
   9.2703000e+00  -1.0640728e-02
   9.2803000e+00  -1.0599502e-02
   9.2903000e+00  -1.0555886e-02
   9.3003000e+00  -9.8181873e-03
   9.3103000e+00  -7.3639785e-03
   9.3203000e+00  -5.8026778e-03
   9.3303000e+00  -5.7608392e-03
   9.3403000e+00  -5.7183473e-03
   9.3503000e+00  -4.7935118e-03
   9.3603000e+00   9.1871368e-04
   9.3703000e+00   3.6564231e-03
   9.3803000e+00   5.3589915e-03
   9.3903000e+00   5.4513206e-03
   9.4003000e+00   5.4939149e-03
   9.4103000e+00   6.0102295e-03
   9.4203000e+00   1.0234902e-02
   9.4303000e+00   1.8199100e-02
   9.4403000e+00   2.4401255e-02
   9.4503000e+00   2.6848212e-02
   9.4603000e+00   2.6890540e-02
   9.4703000e+00   2.6932824e-02
   9.4803000e+00   2.6442900e-02
   9.4903000e+00   2.5025642e-02
   9.5003000e+00   3.1075589e-02
   9.5103000e+00   3.7005655e-02
   9.5203000e+00   3.8059546e-02
   9.5303000e+00   3.8102411e-02
   9.5403000e+00   3.8145440e-02
   9.5503000e+00   3.7046088e-02
   9.5603000e+00   3.5071330e-02
   9.5703000e+00   3.0875727e-02
   9.5803000e+00   2.9443042e-02
   9.5903000e+00   2.9485993e-02
   9.6003000e+00   2.9529620e-02
   9.6103000e+00   2.9883792e-02
   9.6203000e+00   3.1808189e-02
   9.6303000e+00   3.1439565e-02
   9.6403000e+00   2.4040869e-02
   9.6503000e+00   2.1556059e-02
   9.6603000e+00   2.1599565e-02
   9.6703000e+00   2.1643043e-02
   9.6803000e+00   2.2100693e-02
   9.6903000e+00   2.3697666e-02
   9.7003000e+00   2.0624199e-02
   9.7103000e+00   1.4177402e-02
   9.7203000e+00   1.2062759e-02
   9.7303000e+00   1.2106587e-02
   9.7403000e+00   1.2150123e-02
   9.7503000e+00   1.1906766e-02
   9.7603000e+00   1.0376394e-02
   9.7703000e+00   8.8515496e-03
   9.7803000e+00   7.4954125e-03
   9.7903000e+00   7.1870634e-03
   9.8003000e+00   7.2309612e-03
   9.8103000e+00   7.2748388e-03
   9.8203000e+00   7.3070632e-03
   9.8303000e+00  -6.1305163e-03
   9.8403000e+00  -1.0915722e-02
   9.8503000e+00  -1.6919510e-02
   9.8603000e+00  -1.7640453e-02
   9.8703000e+00  -1.7595927e-02
   9.8803000e+00  -1.7552267e-02
   9.8903000e+00  -1.7507806e-02
   9.9003000e+00  -1.9165830e-02
   9.9103000e+00  -1.9154582e-02
   9.9203000e+00  -1.1360329e-02
   9.9303000e+00  -1.1048134e-02
   9.9403000e+00  -1.1003841e-02
   9.9503000e+00  -1.0959575e-02
   9.9603000e+00  -1.0914362e-02
   9.9703000e+00  -3.4530843e-03
   9.9803000e+00   3.9745727e-03
